# Stellar2D near-surface background for the SurfaceCode pilot
# star: M=9.945e+29 kg (0.5 Msun), R=1.391e+09 m (2 Rsun), B_star=1000.0 G, theta_ring=35.0 deg
# composition X=0.700; tau=1 surface at r=1.391400e+09 m (r/Rstar=1.0000)
# z=0 at tau=1 surface; z<0 sub-photospheric (REAL MLT envelope), z>0 chromosphere
#   (z>0 is an ISOTHERMAL-HYDROSTATIC PLACEHOLDER at T=4000 K — replace for production)
# ionization: H+He Saha + metal e- floor x_metal=1.0e-04 per H above T=2500 K (STELLAR2D_XMETAL to change);
#   without the metal floor the H-only x_ion~1e-7 at the surface OVERestimates ambipolar damping.
# columns: z[m]  r/Rstar  rho[kg/m3]  T[K]  P[Pa]  x_ion(ne/nH)  xi_neutral  n_e[m-3]  B_r[T]  B_th[T]  |B|[T]  V_A[m/s]  c_s[m/s]  H_p[m]
-1.004660e+07  0.992780  1.638313e-02  1.622246e+04  1.985084e+06  1.8787e-01  8.6574e-01  1.2881e+24  8.3716e-02  2.9309e-02  8.8698e-02  6.1817e+02  1.4211e+04  3.4834e+06
-9.977077e+06  0.992829  1.612611e-02  1.617413e+04  1.945776e+06  1.8639e-01  8.6680e-01  1.2579e+24  8.3703e-02  2.9305e-02  8.8685e-02  6.2299e+02  1.4181e+04  3.4692e+06
-9.907836e+06  0.992879  1.587297e-02  1.612599e+04  1.907247e+06  1.8491e-01  8.6786e-01  1.2283e+24  8.3690e-02  2.9300e-02  8.8671e-02  6.2784e+02  1.4151e+04  3.4550e+06
-9.838875e+06  0.992929  1.562364e-02  1.607803e+04  1.869481e+06  1.8343e-01  8.6892e-01  1.1994e+24  8.3678e-02  2.9296e-02  8.8658e-02  6.3273e+02  1.4122e+04  3.4410e+06
-9.770194e+06  0.992978  1.537808e-02  1.603024e+04  1.832463e+06  1.8196e-01  8.6997e-01  1.1711e+24  8.3665e-02  2.9292e-02  8.8645e-02  6.3767e+02  1.4093e+04  3.4271e+06
-9.701792e+06  0.993027  1.513625e-02  1.598262e+04  1.796178e+06  1.8050e-01  8.7102e-01  1.1434e+24  8.3653e-02  2.9287e-02  8.8632e-02  6.4265e+02  1.4063e+04  3.4132e+06
-9.633665e+06  0.993076  1.489808e-02  1.593517e+04  1.760611e+06  1.7904e-01  8.7206e-01  1.1163e+24  8.3641e-02  2.9283e-02  8.8618e-02  6.4767e+02  1.4034e+04  3.3995e+06
-9.565813e+06  0.993125  1.466354e-02  1.588786e+04  1.725749e+06  1.7759e-01  8.7310e-01  1.0898e+24  8.3628e-02  2.9279e-02  8.8605e-02  6.5273e+02  1.4005e+04  3.3858e+06
-9.498234e+06  0.993174  1.443256e-02  1.584069e+04  1.691577e+06  1.7614e-01  8.7414e-01  1.0639e+24  8.3616e-02  2.9274e-02  8.8592e-02  6.5784e+02  1.3977e+04  3.3722e+06
-9.430926e+06  0.993222  1.420512e-02  1.579366e+04  1.658081e+06  1.7469e-01  8.7517e-01  1.0385e+24  8.3604e-02  2.9270e-02  8.8579e-02  6.6299e+02  1.3948e+04  3.3586e+06
-9.363887e+06  0.993270  1.398133e-02  1.574676e+04  1.625249e+06  1.7325e-01  8.7620e-01  1.0137e+24  8.3592e-02  2.9266e-02  8.8567e-02  6.6818e+02  1.3919e+04  3.3452e+06
-9.297119e+06  0.993318  1.376121e-02  1.569999e+04  1.593067e+06  1.7181e-01  8.7724e-01  9.8947e+23  8.3579e-02  2.9261e-02  8.8554e-02  6.7340e+02  1.3890e+04  3.3317e+06
-9.230620e+06  0.993366  1.354469e-02  1.565333e+04  1.561522e+06  1.7037e-01  8.7827e-01  9.6574e+23  8.3567e-02  2.9257e-02  8.8541e-02  6.7866e+02  1.3862e+04  3.3182e+06
-9.164389e+06  0.993414  1.333172e-02  1.560678e+04  1.530602e+06  1.6893e-01  8.7929e-01  9.4253e+23  8.3555e-02  2.9253e-02  8.8528e-02  6.8396e+02  1.3833e+04  3.3048e+06
-9.098427e+06  0.993461  1.312226e-02  1.556033e+04  1.500294e+06  1.6749e-01  8.8032e-01  9.1983e+23  8.3543e-02  2.9249e-02  8.8516e-02  6.8930e+02  1.3804e+04  3.2914e+06
-9.032733e+06  0.993508  1.291625e-02  1.551397e+04  1.470586e+06  1.6606e-01  8.8135e-01  8.9763e+23  8.3531e-02  2.9245e-02  8.8503e-02  6.9468e+02  1.3775e+04  3.2780e+06
-8.967307e+06  0.993555  1.271365e-02  1.546770e+04  1.441467e+06  1.6462e-01  8.8238e-01  8.7591e+23  8.3520e-02  2.9241e-02  8.8490e-02  7.0009e+02  1.3746e+04  3.2646e+06
-8.902149e+06  0.993602  1.251440e-02  1.542151e+04  1.412924e+06  1.6319e-01  8.8340e-01  8.5466e+23  8.3508e-02  2.9236e-02  8.8478e-02  7.0554e+02  1.3718e+04  3.2512e+06
-8.837259e+06  0.993649  1.231845e-02  1.537540e+04  1.384946e+06  1.6175e-01  8.8443e-01  8.3387e+23  8.3496e-02  2.9232e-02  8.8465e-02  7.1103e+02  1.3689e+04  3.2378e+06
-8.772636e+06  0.993695  1.212575e-02  1.532934e+04  1.357522e+06  1.6031e-01  8.8546e-01  8.1354e+23  8.3484e-02  2.9228e-02  8.8453e-02  7.1656e+02  1.3660e+04  3.2245e+06
-8.708281e+06  0.993741  1.193624e-02  1.528335e+04  1.330641e+06  1.5888e-01  8.8649e-01  7.9364e+23  8.3473e-02  2.9224e-02  8.8441e-02  7.2213e+02  1.3631e+04  3.2111e+06
-8.644193e+06  0.993787  1.174989e-02  1.523740e+04  1.304293e+06  1.5744e-01  8.8752e-01  7.7417e+23  8.3461e-02  2.9220e-02  8.8428e-02  7.2773e+02  1.3602e+04  3.1977e+06
-8.580372e+06  0.993833  1.156662e-02  1.519149e+04  1.278466e+06  1.5600e-01  8.8855e-01  7.5513e+23  8.3450e-02  2.9216e-02  8.8416e-02  7.3337e+02  1.3573e+04  3.1843e+06
-8.516819e+06  0.993879  1.138641e-02  1.514562e+04  1.253151e+06  1.5455e-01  8.8958e-01  7.3649e+23  8.3438e-02  2.9212e-02  8.8404e-02  7.3905e+02  1.3544e+04  3.1710e+06
-8.453533e+06  0.993924  1.120918e-02  1.509978e+04  1.228337e+06  1.5311e-01  8.9061e-01  7.1825e+23  8.3427e-02  2.9208e-02  8.8392e-02  7.4477e+02  1.3514e+04  3.1576e+06
-8.390514e+06  0.993970  1.103490e-02  1.505396e+04  1.204014e+06  1.5166e-01  8.9164e-01  7.0040e+23  8.3415e-02  2.9204e-02  8.8380e-02  7.5052e+02  1.3485e+04  3.1443e+06
-8.327762e+06  0.994015  1.086351e-02  1.500816e+04  1.180173e+06  1.5021e-01  8.9268e-01  6.8294e+23  8.3404e-02  2.9200e-02  8.8368e-02  7.5632e+02  1.3456e+04  3.1309e+06
-8.265277e+06  0.994060  1.069497e-02  1.496236e+04  1.156804e+06  1.4876e-01  8.9372e-01  6.6585e+23  8.3393e-02  2.9196e-02  8.8356e-02  7.6215e+02  1.3427e+04  3.1176e+06
-8.203059e+06  0.994104  1.052923e-02  1.491657e+04  1.133898e+06  1.4731e-01  8.9476e-01  6.4913e+23  8.3381e-02  2.9192e-02  8.8344e-02  7.6802e+02  1.3397e+04  3.1042e+06
-8.141108e+06  0.994149  1.036624e-02  1.487077e+04  1.111445e+06  1.4585e-01  8.9580e-01  6.3276e+23  8.3370e-02  2.9188e-02  8.8332e-02  7.7393e+02  1.3368e+04  3.0909e+06
-8.079425e+06  0.994193  1.020609e-02  1.482497e+04  1.089437e+06  1.4439e-01  8.9684e-01  6.1675e+23  8.3359e-02  2.9184e-02  8.8320e-02  7.7987e+02  1.3338e+04  3.0775e+06
-8.018009e+06  0.994237  1.004877e-02  1.477914e+04  1.067865e+06  1.4293e-01  8.9789e-01  6.0108e+23  8.3348e-02  2.9180e-02  8.8308e-02  7.8585e+02  1.3308e+04  3.0640e+06
-7.956863e+06  0.994281  9.894233e-03  1.473330e+04  1.046720e+06  1.4146e-01  8.9894e-01  5.8575e+23  8.3337e-02  2.9177e-02  8.8297e-02  7.9186e+02  1.3278e+04  3.0505e+06
-7.895988e+06  0.994325  9.742448e-03  1.468742e+04  1.025993e+06  1.3999e-01  8.9999e-01  5.7076e+23  8.3326e-02  2.9173e-02  8.8285e-02  7.9790e+02  1.3248e+04  3.0370e+06
-7.835384e+06  0.994369  9.593369e-03  1.464151e+04  1.005677e+06  1.3851e-01  9.0105e-01  5.5609e+23  8.3315e-02  2.9169e-02  8.8273e-02  8.0397e+02  1.3218e+04  3.0234e+06
-7.775053e+06  0.994412  9.446954e-03  1.459555e+04  9.857634e+05  1.3702e-01  9.0211e-01  5.4173e+23  8.3304e-02  2.9165e-02  8.8262e-02  8.1007e+02  1.3188e+04  3.0097e+06
-7.714996e+06  0.994455  9.303161e-03  1.454953e+04  9.662440e+05  1.3553e-01  9.0318e-01  5.2769e+23  8.3293e-02  2.9161e-02  8.8250e-02  8.1620e+02  1.3157e+04  2.9960e+06
-7.655214e+06  0.994498  9.161950e-03  1.450346e+04  9.471110e+05  1.3404e-01  9.0424e-01  5.1395e+23  8.3282e-02  2.9157e-02  8.8239e-02  8.2236e+02  1.3126e+04  2.9822e+06
-7.595710e+06  0.994541  9.023281e-03  1.445731e+04  9.283570e+05  1.3254e-01  9.0532e-01  5.0051e+23  8.3272e-02  2.9154e-02  8.8227e-02  8.2855e+02  1.3095e+04  2.9683e+06
-7.536483e+06  0.994584  8.887113e-03  1.441109e+04  9.099743e+05  1.3103e-01  9.0639e-01  4.8735e+23  8.3261e-02  2.9150e-02  8.8216e-02  8.3476e+02  1.3063e+04  2.9543e+06
-7.477536e+06  0.994626  8.753406e-03  1.436479e+04  8.919556e+05  1.2952e-01  9.0747e-01  4.7448e+23  8.3250e-02  2.9146e-02  8.8205e-02  8.4101e+02  1.3032e+04  2.9403e+06
-7.418870e+06  0.994668  8.622116e-03  1.431841e+04  8.742937e+05  1.2800e-01  9.0856e-01  4.6189e+23  8.3240e-02  2.9142e-02  8.8194e-02  8.4728e+02  1.3000e+04  2.9262e+06
-7.360486e+06  0.994710  8.492885e-03  1.427208e+04  8.569815e+05  1.2649e-01  9.0964e-01  4.4959e+23  8.3229e-02  2.9139e-02  8.8182e-02  8.5359e+02  1.2968e+04  2.9122e+06
-7.302381e+06  0.994752  8.365217e-03  1.422601e+04  8.400121e+05  1.2500e-01  9.1071e-01  4.3760e+23  8.3219e-02  2.9135e-02  8.8171e-02  8.5997e+02  1.2937e+04  2.8983e+06
-7.244551e+06  0.994793  8.239106e-03  1.418020e+04  8.233788e+05  1.2352e-01  9.1176e-01  4.2591e+23  8.3208e-02  2.9131e-02  8.8160e-02  8.6642e+02  1.2906e+04  2.8847e+06
-7.186993e+06  0.994835  8.114563e-03  1.413464e+04  8.070748e+05  1.2206e-01  9.1281e-01  4.1451e+23  8.3198e-02  2.9128e-02  8.8149e-02  8.7293e+02  1.2875e+04  2.8712e+06
-7.129703e+06  0.994876  7.991598e-03  1.408930e+04  7.910936e+05  1.2061e-01  9.1384e-01  4.0340e+23  8.3187e-02  2.9124e-02  8.8138e-02  8.7952e+02  1.2845e+04  2.8579e+06
-7.072677e+06  0.994917  7.870217e-03  1.404417e+04  7.754289e+05  1.1918e-01  9.1486e-01  3.9256e+23  8.3177e-02  2.9121e-02  8.8127e-02  8.8616e+02  1.2815e+04  2.8447e+06
-7.015913e+06  0.994958  7.750428e-03  1.399923e+04  7.600744e+05  1.1777e-01  9.1587e-01  3.8199e+23  8.3167e-02  2.9117e-02  8.8117e-02  8.9287e+02  1.2785e+04  2.8317e+06
-6.959407e+06  0.994998  7.632312e-03  1.395446e+04  7.450239e+05  1.1636e-01  9.1688e-01  3.7168e+23  8.3157e-02  2.9113e-02  8.8106e-02  8.9965e+02  1.2755e+04  2.8188e+06
-6.903159e+06  0.995039  7.515898e-03  1.390985e+04  7.302715e+05  1.1497e-01  9.1787e-01  3.6163e+23  8.3147e-02  2.9110e-02  8.8095e-02  9.0648e+02  1.2726e+04  2.8060e+06
-6.847165e+06  0.995079  7.401188e-03  1.386538e+04  7.158111e+05  1.1358e-01  9.1886e-01  3.5182e+23  8.3137e-02  2.9106e-02  8.8084e-02  9.1336e+02  1.2696e+04  2.7933e+06
-6.791425e+06  0.995119  7.288182e-03  1.382104e+04  7.016371e+05  1.1221e-01  9.1985e-01  3.4225e+23  8.3126e-02  2.9103e-02  8.8074e-02  9.2031e+02  1.2667e+04  2.7807e+06
-6.735937e+06  0.995159  7.176878e-03  1.377682e+04  6.877438e+05  1.1084e-01  9.2082e-01  3.3292e+23  8.3117e-02  2.9099e-02  8.8063e-02  9.2730e+02  1.2638e+04  2.7681e+06
-6.680699e+06  0.995199  7.067274e-03  1.373269e+04  6.741255e+05  1.0948e-01  9.2179e-01  3.2382e+23  8.3107e-02  2.9096e-02  8.8053e-02  9.3435e+02  1.2609e+04  2.7556e+06
-6.625712e+06  0.995238  6.959365e-03  1.368865e+04  6.607770e+05  1.0813e-01  9.2276e-01  3.1493e+23  8.3097e-02  2.9092e-02  8.8042e-02  9.4146e+02  1.2580e+04  2.7432e+06
-6.570973e+06  0.995277  6.853145e-03  1.364467e+04  6.476927e+05  1.0678e-01  9.2372e-01  3.0626e+23  8.3087e-02  2.9089e-02  8.8032e-02  9.4861e+02  1.2551e+04  2.7307e+06
-6.516482e+06  0.995317  6.748606e-03  1.360076e+04  6.348675e+05  1.0544e-01  9.2468e-01  2.9780e+23  8.3077e-02  2.9086e-02  8.8021e-02  9.5582e+02  1.2522e+04  2.7183e+06
-6.462239e+06  0.995356  6.645741e-03  1.355688e+04  6.222963e+05  1.0411e-01  9.2564e-01  2.8955e+23  8.3067e-02  2.9082e-02  8.8011e-02  9.6308e+02  1.2493e+04  2.7060e+06
-6.408244e+06  0.995394  6.544540e-03  1.351303e+04  6.099740e+05  1.0277e-01  9.2659e-01  2.8149e+23  8.3058e-02  2.9079e-02  8.8001e-02  9.7038e+02  1.2464e+04  2.6936e+06
-6.354495e+06  0.995433  6.444988e-03  1.346919e+04  5.978957e+05  1.0144e-01  9.2754e-01  2.7362e+23  8.3048e-02  2.9075e-02  8.7990e-02  9.7773e+02  1.2434e+04  2.6813e+06
-6.300994e+06  0.995471  6.347070e-03  1.342534e+04  5.860566e+05  1.0012e-01  9.2849e-01  2.6593e+23  8.3038e-02  2.9072e-02  8.7980e-02  9.8513e+02  1.2405e+04  2.6689e+06
-6.247739e+06  0.995510  6.250775e-03  1.338148e+04  5.744519e+05  9.8790e-02  9.2943e-01  2.5843e+23  8.3029e-02  2.9069e-02  8.7970e-02  9.9257e+02  1.2376e+04  2.6566e+06
-6.194731e+06  0.995548  6.156089e-03  1.333758e+04  5.630770e+05  9.7466e-02  9.3038e-01  2.5111e+23  8.3019e-02  2.9065e-02  8.7960e-02  1.0001e+03  1.2347e+04  2.6442e+06
-6.141970e+06  0.995586  6.062998e-03  1.329363e+04  5.519273e+05  9.6143e-02  9.3133e-01  2.4395e+23  8.3010e-02  2.9062e-02  8.7950e-02  1.0076e+03  1.2317e+04  2.6319e+06
-6.089456e+06  0.995624  5.971485e-03  1.324963e+04  5.409984e+05  9.4821e-02  9.3227e-01  2.3697e+23  8.3000e-02  2.9059e-02  8.7940e-02  1.0152e+03  1.2288e+04  2.6195e+06
-6.037191e+06  0.995661  5.881535e-03  1.320555e+04  5.302859e+05  9.3498e-02  9.3321e-01  2.3014e+23  8.2991e-02  2.9055e-02  8.7930e-02  1.0228e+03  1.2258e+04  2.6071e+06
-5.985174e+06  0.995698  5.793149e-03  1.316138e+04  5.197856e+05  9.2176e-02  9.3416e-01  2.2348e+23  8.2981e-02  2.9052e-02  8.7920e-02  1.0304e+03  1.2229e+04  2.5946e+06
-5.933406e+06  0.995736  5.706355e-03  1.311711e+04  5.094931e+05  9.0852e-02  9.3511e-01  2.1697e+23  8.2972e-02  2.9049e-02  8.7910e-02  1.0381e+03  1.2199e+04  2.5821e+06
-5.881889e+06  0.995773  5.621146e-03  1.307273e+04  4.994045e+05  8.9526e-02  9.3605e-01  2.1061e+23  8.2963e-02  2.9046e-02  8.7900e-02  1.0459e+03  1.2169e+04  2.5696e+06
-5.830624e+06  0.995810  5.537513e-03  1.302822e+04  4.895156e+05  8.8199e-02  9.3700e-01  2.0440e+23  8.2954e-02  2.9042e-02  8.7891e-02  1.0536e+03  1.2138e+04  2.5569e+06
-5.779613e+06  0.995846  5.455446e-03  1.298357e+04  4.798225e+05  8.6869e-02  9.3795e-01  1.9833e+23  8.2945e-02  2.9039e-02  8.7881e-02  1.0614e+03  1.2107e+04  2.5442e+06
-5.728858e+06  0.995883  5.374935e-03  1.293876e+04  4.703214e+05  8.5537e-02  9.3890e-01  1.9241e+23  8.2935e-02  2.9036e-02  8.7871e-02  1.0692e+03  1.2076e+04  2.5313e+06
-5.678360e+06  0.995919  5.295971e-03  1.289379e+04  4.610084e+05  8.4202e-02  9.3986e-01  1.8662e+23  8.2926e-02  2.9033e-02  8.7862e-02  1.0770e+03  1.2045e+04  2.5184e+06
-5.628123e+06  0.995955  5.218540e-03  1.284862e+04  4.518799e+05  8.2863e-02  9.4081e-01  1.8097e+23  8.2917e-02  2.9030e-02  8.7852e-02  1.0849e+03  1.2013e+04  2.5053e+06
-5.578148e+06  0.995991  5.142629e-03  1.280326e+04  4.429320e+05  8.1521e-02  9.4177e-01  1.7545e+23  8.2908e-02  2.9027e-02  8.7843e-02  1.0927e+03  1.1981e+04  2.4921e+06
-5.528438e+06  0.996027  5.068227e-03  1.275768e+04  4.341614e+05  8.0174e-02  9.4273e-01  1.7006e+23  8.2899e-02  2.9023e-02  8.7833e-02  1.1006e+03  1.1949e+04  2.4788e+06
-5.478996e+06  0.996062  4.995320e-03  1.271188e+04  4.255644e+05  7.8824e-02  9.4370e-01  1.6479e+23  8.2891e-02  2.9020e-02  8.7824e-02  1.1085e+03  1.1916e+04  2.4654e+06
-5.429823e+06  0.996098  4.923894e-03  1.266582e+04  4.171377e+05  7.7470e-02  9.4467e-01  1.5964e+23  8.2882e-02  2.9017e-02  8.7814e-02  1.1164e+03  1.1883e+04  2.4518e+06
-5.380925e+06  0.996133  4.853934e-03  1.261951e+04  4.088778e+05  7.6111e-02  9.4564e-01  1.5461e+23  8.2873e-02  2.9014e-02  8.7805e-02  1.1243e+03  1.1849e+04  2.4381e+06
-5.332302e+06  0.996168  4.785427e-03  1.257292e+04  4.007815e+05  7.4748e-02  9.4661e-01  1.4970e+23  8.2864e-02  2.9011e-02  8.7796e-02  1.1322e+03  1.1815e+04  2.4242e+06
-5.283959e+06  0.996202  4.718356e-03  1.252604e+04  3.928455e+05  7.3380e-02  9.4759e-01  1.4490e+23  8.2856e-02  2.9008e-02  8.7787e-02  1.1401e+03  1.1780e+04  2.4101e+06
-5.235899e+06  0.996237  4.652706e-03  1.247886e+04  3.850666e+05  7.2008e-02  9.4857e-01  1.4021e+23  8.2847e-02  2.9005e-02  8.7778e-02  1.1480e+03  1.1745e+04  2.3959e+06
-5.188124e+06  0.996271  4.588459e-03  1.243136e+04  3.774418e+05  7.0632e-02  9.4955e-01  1.3563e+23  8.2838e-02  2.9002e-02  8.7769e-02  1.1558e+03  1.1709e+04  2.3815e+06
-5.140640e+06  0.996305  4.525605e-03  1.238353e+04  3.699679e+05  6.9251e-02  9.5054e-01  1.3116e+23  8.2830e-02  2.8999e-02  8.7760e-02  1.1637e+03  1.1673e+04  2.3669e+06
-5.093449e+06  0.996339  4.464150e-03  1.233536e+04  3.626421e+05  6.7867e-02  9.5153e-01  1.2679e+23  8.2821e-02  2.8996e-02  8.7751e-02  1.1716e+03  1.1636e+04  2.3521e+06
-5.046555e+06  0.996373  4.404088e-03  1.228683e+04  3.554613e+05  6.6478e-02  9.5252e-01  1.2253e+23  8.2813e-02  2.8993e-02  8.7742e-02  1.1794e+03  1.1598e+04  2.3372e+06
-4.999963e+06  0.996407  4.345410e-03  1.223794e+04  3.484227e+05  6.5086e-02  9.5351e-01  1.1836e+23  8.2805e-02  2.8990e-02  8.7733e-02  1.1872e+03  1.1560e+04  2.3220e+06
-4.953677e+06  0.996440  4.288076e-03  1.218870e+04  3.415234e+05  6.3692e-02  9.5451e-01  1.1430e+23  8.2796e-02  2.8987e-02  8.7724e-02  1.1950e+03  1.1521e+04  2.3066e+06
-4.907700e+06  0.996473  4.231685e-03  1.213935e+04  3.347608e+05  6.2309e-02  9.5550e-01  1.1035e+23  8.2788e-02  2.8984e-02  8.7715e-02  1.2029e+03  1.1482e+04  2.2912e+06
-4.862029e+06  0.996506  4.176100e-03  1.209000e+04  3.281321e+05  6.0940e-02  9.5647e-01  1.0651e+23  8.2780e-02  2.8982e-02  8.7707e-02  1.2107e+03  1.1444e+04  2.2759e+06
-4.816664e+06  0.996538  4.121315e-03  1.204063e+04  3.216347e+05  5.9586e-02  9.5744e-01  1.0277e+23  8.2772e-02  2.8979e-02  8.7698e-02  1.2186e+03  1.1405e+04  2.2606e+06
-4.771604e+06  0.996571  4.067325e-03  1.199124e+04  3.152659e+05  5.8247e-02  9.5840e-01  9.9147e+22  8.2764e-02  2.8976e-02  8.7689e-02  1.2266e+03  1.1366e+04  2.2454e+06
-4.726847e+06  0.996603  4.014123e-03  1.194181e+04  3.090232e+05  5.6922e-02  9.5934e-01  9.5625e+22  8.2756e-02  2.8973e-02  8.7681e-02  1.2345e+03  1.1327e+04  2.2303e+06
-4.682393e+06  0.996635  3.961700e-03  1.189234e+04  3.029041e+05  5.5612e-02  9.6028e-01  9.2204e+22  8.2748e-02  2.8970e-02  8.7673e-02  1.2426e+03  1.1288e+04  2.2152e+06
-4.638240e+06  0.996666  3.910049e-03  1.184283e+04  2.969062e+05  5.4316e-02  9.6120e-01  8.8882e+22  8.2740e-02  2.8968e-02  8.7664e-02  1.2506e+03  1.1250e+04  2.2001e+06
-4.594388e+06  0.996698  3.859161e-03  1.179327e+04  2.910271e+05  5.3035e-02  9.6212e-01  8.5655e+22  8.2732e-02  2.8965e-02  8.7656e-02  1.2587e+03  1.1211e+04  2.1851e+06
-4.550835e+06  0.996729  3.809025e-03  1.174365e+04  2.852644e+05  5.1768e-02  9.6302e-01  8.2523e+22  8.2724e-02  2.8962e-02  8.7648e-02  1.2669e+03  1.1172e+04  2.1702e+06
-4.507580e+06  0.996760  3.759635e-03  1.169396e+04  2.796158e+05  5.0515e-02  9.6392e-01  7.9482e+22  8.2717e-02  2.8959e-02  8.7639e-02  1.2750e+03  1.1134e+04  2.1553e+06
-4.464622e+06  0.996791  3.710959e-03  1.164420e+04  2.740790e+05  4.9277e-02  9.6480e-01  7.6531e+22  8.2709e-02  2.8957e-02  8.7631e-02  1.2832e+03  1.1095e+04  2.1405e+06
-4.421960e+06  0.996822  3.662972e-03  1.159437e+04  2.686519e+05  4.8054e-02  9.6568e-01  7.3666e+22  8.2701e-02  2.8954e-02  8.7623e-02  1.2915e+03  1.1056e+04  2.1257e+06
-4.379594e+06  0.996852  3.615675e-03  1.154446e+04  2.633322e+05  4.6846e-02  9.6654e-01  7.0886e+22  8.2694e-02  2.8951e-02  8.7615e-02  1.2998e+03  1.1017e+04  2.1110e+06
-4.337520e+06  0.996883  3.569065e-03  1.149447e+04  2.581179e+05  4.5652e-02  9.6739e-01  6.8189e+22  8.2686e-02  2.8949e-02  8.7607e-02  1.3081e+03  1.0979e+04  2.0963e+06
-4.295739e+06  0.996913  3.523138e-03  1.144438e+04  2.530068e+05  4.4473e-02  9.6824e-01  6.5573e+22  8.2679e-02  2.8946e-02  8.7599e-02  1.3165e+03  1.0940e+04  2.0817e+06
-4.254250e+06  0.996942  3.477893e-03  1.139420e+04  2.479969e+05  4.3309e-02  9.6907e-01  6.3037e+22  8.2671e-02  2.8943e-02  8.7591e-02  1.3249e+03  1.0902e+04  2.0672e+06
-4.213051e+06  0.996972  3.433325e-03  1.134393e+04  2.430863e+05  4.2160e-02  9.6989e-01  6.0578e+22  8.2664e-02  2.8941e-02  8.7584e-02  1.3334e+03  1.0863e+04  2.0527e+06
-4.172142e+06  0.997001  3.389431e-03  1.129356e+04  2.382728e+05  4.1026e-02  9.7070e-01  5.8195e+22  8.2657e-02  2.8938e-02  8.7576e-02  1.3419e+03  1.0824e+04  2.0382e+06
-4.131523e+06  0.997031  3.346207e-03  1.124308e+04  2.335547e+05  3.9907e-02  9.7150e-01  5.5885e+22  8.2649e-02  2.8936e-02  8.7568e-02  1.3504e+03  1.0786e+04  2.0238e+06
-4.091191e+06  0.997060  3.303648e-03  1.119250e+04  2.289300e+05  3.8803e-02  9.7229e-01  5.3648e+22  8.2642e-02  2.8933e-02  8.7561e-02  1.3590e+03  1.0747e+04  2.0094e+06
-4.051147e+06  0.997088  3.261748e-03  1.114180e+04  2.243969e+05  3.7714e-02  9.7306e-01  5.1482e+22  8.2635e-02  2.8931e-02  8.7553e-02  1.3675e+03  1.0708e+04  1.9950e+06
-4.011390e+06  0.997117  3.220504e-03  1.109100e+04  2.199535e+05  3.6641e-02  9.7383e-01  4.9385e+22  8.2628e-02  2.8928e-02  8.7545e-02  1.3762e+03  1.0669e+04  1.9807e+06
-3.971920e+06  0.997145  3.179909e-03  1.104008e+04  2.155982e+05  3.5583e-02  9.7458e-01  4.7355e+22  8.2621e-02  2.8926e-02  8.7538e-02  1.3848e+03  1.0630e+04  1.9663e+06
-3.932737e+06  0.997174  3.139947e-03  1.098904e+04  2.113290e+05  3.4541e-02  9.7533e-01  4.5390e+22  8.2614e-02  2.8923e-02  8.7531e-02  1.3935e+03  1.0591e+04  1.9520e+06
-3.893838e+06  0.997201  3.100536e-03  1.093787e+04  2.071444e+05  3.3515e-02  9.7606e-01  4.3489e+22  8.2607e-02  2.8921e-02  8.7523e-02  1.4022e+03  1.0552e+04  1.9378e+06
-3.855223e+06  0.997229  3.061658e-03  1.088657e+04  2.030427e+05  3.2506e-02  9.7678e-01  4.1650e+22  8.2600e-02  2.8919e-02  8.7516e-02  1.4109e+03  1.0513e+04  1.9237e+06
-3.816891e+06  0.997257  3.023315e-03  1.083514e+04  1.990222e+05  3.1512e-02  9.7749e-01  3.9871e+22  8.2593e-02  2.8916e-02  8.7509e-02  1.4197e+03  1.0475e+04  1.9096e+06
-3.778839e+06  0.997284  2.985505e-03  1.078358e+04  1.950813e+05  3.0535e-02  9.7819e-01  3.8152e+22  8.2586e-02  2.8914e-02  8.7501e-02  1.4286e+03  1.0436e+04  1.8956e+06
-3.741066e+06  0.997311  2.948229e-03  1.073189e+04  1.912184e+05  2.9575e-02  9.7888e-01  3.6491e+22  8.2580e-02  2.8911e-02  8.7494e-02  1.4375e+03  1.0397e+04  1.8817e+06
-3.703572e+06  0.997338  2.911487e-03  1.068008e+04  1.874320e+05  2.8631e-02  9.7955e-01  3.4886e+22  8.2573e-02  2.8909e-02  8.7487e-02  1.4464e+03  1.0358e+04  1.8678e+06
-3.666355e+06  0.997365  2.875279e-03  1.062813e+04  1.837206e+05  2.7704e-02  9.8021e-01  3.3337e+22  8.2566e-02  2.8907e-02  8.7480e-02  1.4553e+03  1.0320e+04  1.8539e+06
-3.629414e+06  0.997392  2.839605e-03  1.057606e+04  1.800827e+05  2.6794e-02  9.8086e-01  3.1841e+22  8.2560e-02  2.8904e-02  8.7473e-02  1.4643e+03  1.0281e+04  1.8402e+06
-3.592748e+06  0.997418  2.804467e-03  1.052386e+04  1.765169e+05  2.5901e-02  9.8150e-01  3.0399e+22  8.2553e-02  2.8902e-02  8.7466e-02  1.4734e+03  1.0242e+04  1.8264e+06
-3.556357e+06  0.997444  2.769865e-03  1.047154e+04  1.730216e+05  2.5025e-02  9.8213e-01  2.9009e+22  8.2547e-02  2.8900e-02  8.7459e-02  1.4824e+03  1.0203e+04  1.8127e+06
-3.520239e+06  0.997470  2.735802e-03  1.041910e+04  1.695955e+05  2.4166e-02  9.8274e-01  2.7669e+22  8.2540e-02  2.8898e-02  8.7452e-02  1.4915e+03  1.0165e+04  1.7990e+06
-3.484395e+06  0.997496  2.702277e-03  1.036653e+04  1.662373e+05  2.3325e-02  9.8334e-01  2.6378e+22  8.2534e-02  2.8895e-02  8.7446e-02  1.5006e+03  1.0126e+04  1.7854e+06
-3.448823e+06  0.997521  2.669207e-03  1.031384e+04  1.629456e+05  2.2500e-02  9.8393e-01  2.5135e+22  8.2527e-02  2.8893e-02  8.7439e-02  1.5098e+03  1.0087e+04  1.7718e+06
-3.413522e+06  0.997547  2.636518e-03  1.026101e+04  1.597191e+05  2.1694e-02  9.8451e-01  2.3937e+22  8.2521e-02  2.8891e-02  8.7432e-02  1.5190e+03  1.0048e+04  1.7583e+06
-3.378489e+06  0.997572  2.604214e-03  1.020803e+04  1.565564e+05  2.0905e-02  9.8507e-01  2.2784e+22  8.2515e-02  2.8889e-02  8.7426e-02  1.5283e+03  1.0010e+04  1.7450e+06
-3.343722e+06  0.997597  2.572298e-03  1.015492e+04  1.534564e+05  2.0134e-02  9.8562e-01  2.1674e+22  8.2509e-02  2.8887e-02  8.7419e-02  1.5376e+03  9.9714e+03  1.7317e+06
-3.309218e+06  0.997622  2.540777e-03  1.010168e+04  1.504177e+05  1.9380e-02  9.8616e-01  2.0607e+22  8.2502e-02  2.8884e-02  8.7413e-02  1.5470e+03  9.9332e+03  1.7186e+06
-3.274977e+06  0.997646  2.509655e-03  1.004832e+04  1.474393e+05  1.8644e-02  9.8668e-01  1.9582e+22  8.2496e-02  2.8882e-02  8.7406e-02  1.5564e+03  9.8952e+03  1.7055e+06
-3.240996e+06  0.997671  2.478965e-03  9.994811e+03  1.445198e+05  1.7926e-02  9.8720e-01  1.8597e+22  8.2490e-02  2.8880e-02  8.7400e-02  1.5659e+03  9.8572e+03  1.6926e+06
-3.207275e+06  0.997695  2.448793e-03  9.941074e+03  1.416581e+05  1.7223e-02  9.8770e-01  1.7650e+22  8.2484e-02  2.8878e-02  8.7393e-02  1.5754e+03  9.8190e+03  1.6796e+06
-3.173814e+06  0.997719  2.419131e-03  9.887130e+03  1.388531e+05  1.6536e-02  9.8819e-01  1.6741e+22  8.2478e-02  2.8876e-02  8.7387e-02  1.5849e+03  9.7808e+03  1.6666e+06
-3.140612e+06  0.997743  2.389964e-03  9.833010e+03  1.361036e+05  1.5866e-02  9.8867e-01  1.5869e+22  8.2472e-02  2.8874e-02  8.7381e-02  1.5945e+03  9.7423e+03  1.6536e+06
-3.107670e+06  0.997767  2.361282e-03  9.778743e+03  1.334086e+05  1.5212e-02  9.8913e-01  1.5033e+22  8.2467e-02  2.8872e-02  8.7375e-02  1.6040e+03  9.7038e+03  1.6406e+06
-3.074988e+06  0.997790  2.333029e-03  9.724344e+03  1.307669e+05  1.4577e-02  9.8959e-01  1.4232e+22  8.2461e-02  2.8870e-02  8.7368e-02  1.6136e+03  9.6653e+03  1.6277e+06
-3.042562e+06  0.997813  2.305049e-03  9.669802e+03  1.281775e+05  1.3959e-02  9.9003e-01  1.3466e+22  8.2455e-02  2.8868e-02  8.7362e-02  1.6232e+03  9.6270e+03  1.6149e+06
-3.010391e+06  0.997836  2.277325e-03  9.615138e+03  1.256395e+05  1.3358e-02  9.9046e-01  1.2731e+22  8.2449e-02  2.8866e-02  8.7356e-02  1.6330e+03  9.5890e+03  1.6023e+06
-2.978471e+06  0.997859  2.249853e-03  9.560378e+03  1.231516e+05  1.2776e-02  9.9088e-01  1.2029e+22  8.2444e-02  2.8864e-02  8.7350e-02  1.6428e+03  9.5514e+03  1.5898e+06
-2.946799e+06  0.997882  2.222632e-03  9.505543e+03  1.207131e+05  1.2211e-02  9.9128e-01  1.1359e+22  8.2438e-02  2.8862e-02  8.7344e-02  1.6527e+03  9.5141e+03  1.5775e+06
-2.915372e+06  0.997905  2.195664e-03  9.450657e+03  1.183228e+05  1.1665e-02  9.9167e-01  1.0719e+22  8.2432e-02  2.8860e-02  8.7338e-02  1.6627e+03  9.4771e+03  1.5653e+06
-2.884187e+06  0.997927  2.168956e-03  9.395738e+03  1.159798e+05  1.1136e-02  9.9205e-01  1.0109e+22  8.2427e-02  2.8858e-02  8.7332e-02  1.6728e+03  9.4404e+03  1.5532e+06
-2.853241e+06  0.997949  2.142514e-03  9.340809e+03  1.136833e+05  1.0626e-02  9.9241e-01  9.5275e+21  8.2421e-02  2.8856e-02  8.7327e-02  1.6830e+03  9.4040e+03  1.5413e+06
-2.822532e+06  0.997971  2.116349e-03  9.285891e+03  1.114322e+05  1.0132e-02  9.9276e-01  8.9744e+21  8.2416e-02  2.8854e-02  8.7321e-02  1.6932e+03  9.3678e+03  1.5296e+06
-2.792058e+06  0.997993  2.090473e-03  9.231006e+03  1.092257e+05  9.6568e-03  9.9310e-01  8.4485e+21  8.2410e-02  2.8852e-02  8.7315e-02  1.7036e+03  9.3318e+03  1.5179e+06
-2.761815e+06  0.998015  2.064892e-03  9.176172e+03  1.070629e+05  9.1984e-03  9.9343e-01  7.9490e+21  8.2405e-02  2.8850e-02  8.7309e-02  1.7140e+03  9.2960e+03  1.5064e+06
-2.731802e+06  0.998037  2.039476e-03  9.121349e+03  1.049429e+05  8.7568e-03  9.9375e-01  7.4742e+21  8.2400e-02  2.8848e-02  8.7304e-02  1.7245e+03  9.2607e+03  1.4950e+06
-2.702014e+06  0.998058  2.014182e-03  9.066526e+03  1.028649e+05  8.3315e-03  9.9405e-01  7.0230e+21  8.2394e-02  2.8847e-02  8.7298e-02  1.7352e+03  9.2259e+03  1.4839e+06
-2.672447e+06  0.998079  1.989023e-03  9.011717e+03  1.008280e+05  7.9224e-03  9.9434e-01  6.5947e+21  8.2389e-02  2.8845e-02  8.7292e-02  1.7460e+03  9.1917e+03  1.4729e+06
-2.643096e+06  0.998100  1.964015e-03  8.956935e+03  9.883150e+04  7.5290e-03  9.9462e-01  6.1884e+21  8.2384e-02  2.8843e-02  8.7287e-02  1.7570e+03  9.1580e+03  1.4622e+06
-2.613957e+06  0.998121  1.939174e-03  8.902196e+03  9.687450e+04  7.1511e-03  9.9489e-01  5.8035e+21  8.2379e-02  2.8841e-02  8.7281e-02  1.7681e+03  9.1247e+03  1.4517e+06
-2.585027e+06  0.998142  1.914517e-03  8.847514e+03  9.495626e+04  6.7883e-03  9.9515e-01  5.4391e+21  8.2373e-02  2.8839e-02  8.7276e-02  1.7793e+03  9.0919e+03  1.4413e+06
-2.556303e+06  0.998163  1.890065e-03  8.792908e+03  9.307600e+04  6.4404e-03  9.9540e-01  5.0944e+21  8.2368e-02  2.8837e-02  8.7271e-02  1.7907e+03  9.0595e+03  1.4311e+06
-2.527782e+06  0.998183  1.865836e-03  8.738395e+03  9.123297e+04  6.1070e-03  9.9564e-01  4.7687e+21  8.2363e-02  2.8836e-02  8.7265e-02  1.8022e+03  9.0274e+03  1.4211e+06
-2.499460e+06  0.998204  1.841852e-03  8.683995e+03  8.942644e+04  5.7877e-03  9.9587e-01  4.4613e+21  8.2358e-02  2.8834e-02  8.7260e-02  1.8138e+03  8.9956e+03  1.4111e+06
-2.471337e+06  0.998224  1.818115e-03  8.629719e+03  8.765567e+04  5.4822e-03  9.9608e-01  4.1714e+21  8.2353e-02  2.8832e-02  8.7255e-02  1.8255e+03  8.9640e+03  1.4013e+06
-2.443408e+06  0.998244  1.794518e-03  8.575482e+03  8.591998e+04  5.1897e-03  9.9629e-01  3.8976e+21  8.2348e-02  2.8830e-02  8.7249e-02  1.8373e+03  8.9330e+03  1.3917e+06
-2.415669e+06  0.998264  1.771049e-03  8.521273e+03  8.421865e+04  4.9098e-03  9.9649e-01  3.6391e+21  8.2343e-02  2.8829e-02  8.7244e-02  1.8493e+03  8.9025e+03  1.3822e+06
-2.388117e+06  0.998284  1.747724e-03  8.467101e+03  8.255100e+04  4.6422e-03  9.9668e-01  3.3954e+21  8.2338e-02  2.8827e-02  8.7239e-02  1.8615e+03  8.8726e+03  1.3730e+06
-2.360748e+06  0.998303  1.724562e-03  8.412978e+03  8.091639e+04  4.3864e-03  9.9687e-01  3.1658e+21  8.2334e-02  2.8825e-02  8.7234e-02  1.8739e+03  8.8431e+03  1.3639e+06
-2.333559e+06  0.998323  1.701580e-03  8.358915e+03  7.931413e+04  4.1422e-03  9.9704e-01  2.9497e+21  8.2329e-02  2.8824e-02  8.7229e-02  1.8864e+03  8.8140e+03  1.3550e+06
-2.306546e+06  0.998342  1.678797e-03  8.304930e+03  7.774361e+04  3.9092e-03  9.9721e-01  2.7466e+21  8.2324e-02  2.8822e-02  8.7223e-02  1.8990e+03  8.7853e+03  1.3463e+06
-2.279707e+06  0.998362  1.656230e-03  8.251040e+03  7.620418e+04  3.6872e-03  9.9737e-01  2.5557e+21  8.2319e-02  2.8820e-02  8.7218e-02  1.9118e+03  8.7570e+03  1.3377e+06
-2.253039e+06  0.998381  1.633899e-03  8.197268e+03  7.469524e+04  3.4758e-03  9.9752e-01  2.3767e+21  8.2314e-02  2.8819e-02  8.7213e-02  1.9247e+03  8.7289e+03  1.3291e+06
-2.226540e+06  0.998400  1.611822e-03  8.143636e+03  7.321617e+04  3.2747e-03  9.9766e-01  2.2090e+21  8.2310e-02  2.8817e-02  8.7208e-02  1.9377e+03  8.7010e+03  1.3207e+06
-2.200209e+06  0.998419  1.589945e-03  8.090078e+03  7.176640e+04  3.0834e-03  9.9780e-01  2.0517e+21  8.2305e-02  2.8815e-02  8.7203e-02  1.9509e+03  8.6735e+03  1.3124e+06
-2.174042e+06  0.998438  1.568227e-03  8.036529e+03  7.034533e+04  2.9013e-03  9.9793e-01  1.9041e+21  8.2300e-02  2.8814e-02  8.7199e-02  1.9643e+03  8.6464e+03  1.3043e+06
-2.148036e+06  0.998456  1.546680e-03  7.982996e+03  6.895240e+04  2.7280e-03  9.9805e-01  1.7658e+21  8.2296e-02  2.8812e-02  8.7194e-02  1.9778e+03  8.6198e+03  1.2963e+06
-2.122188e+06  0.998475  1.525319e-03  7.929492e+03  6.758705e+04  2.5634e-03  9.9817e-01  1.6363e+21  8.2291e-02  2.8810e-02  8.7189e-02  1.9915e+03  8.5936e+03  1.2885e+06
-2.096495e+06  0.998493  1.504158e-03  7.876029e+03  6.624873e+04  2.4071e-03  9.9828e-01  1.5152e+21  8.2287e-02  2.8809e-02  8.7184e-02  2.0053e+03  8.5677e+03  1.2808e+06
-2.070955e+06  0.998512  1.483210e-03  7.822628e+03  6.493692e+04  2.2589e-03  9.9839e-01  1.4021e+21  8.2282e-02  2.8807e-02  8.7179e-02  2.0193e+03  8.5422e+03  1.2732e+06
-2.045565e+06  0.998530  1.462490e-03  7.769309e+03  6.365108e+04  2.1185e-03  9.9849e-01  1.2966e+21  8.2278e-02  2.8806e-02  8.7174e-02  2.0335e+03  8.5169e+03  1.2657e+06
-2.020324e+06  0.998548  1.442010e-03  7.716100e+03  6.239071e+04  1.9856e-03  9.9858e-01  1.1983e+21  8.2273e-02  2.8804e-02  8.7170e-02  2.0477e+03  8.4918e+03  1.2583e+06
-1.995231e+06  0.998566  1.421784e-03  7.663026e+03  6.115529e+04  1.8602e-03  9.9867e-01  1.1068e+21  8.2269e-02  2.8803e-02  8.7165e-02  2.0621e+03  8.4669e+03  1.2510e+06
-1.970283e+06  0.998584  1.401770e-03  7.610003e+03  5.994433e+04  1.7415e-03  9.9876e-01  1.0216e+21  8.2264e-02  2.8801e-02  8.7160e-02  2.0767e+03  8.4423e+03  1.2438e+06
-1.945478e+06  0.998602  1.381944e-03  7.556967e+03  5.875736e+04  1.6292e-03  9.9884e-01  9.4227e+20  8.2260e-02  2.8799e-02  8.7155e-02  2.0914e+03  8.4180e+03  1.2367e+06
-1.920813e+06  0.998620  1.362316e-03  7.503930e+03  5.759388e+04  1.5232e-03  9.9891e-01  8.6842e+20  8.2255e-02  2.8798e-02  8.7151e-02  2.1063e+03  8.3941e+03  1.2297e+06
-1.896288e+06  0.998637  1.342895e-03  7.450909e+03  5.645345e+04  1.4231e-03  9.9898e-01  7.9980e+20  8.2251e-02  2.8796e-02  8.7146e-02  2.1214e+03  8.3704e+03  1.2229e+06
-1.871899e+06  0.998655  1.323690e-03  7.397922e+03  5.533559e+04  1.3288e-03  9.9905e-01  7.3612e+20  8.2247e-02  2.8795e-02  8.7142e-02  2.1366e+03  8.3471e+03  1.2161e+06
-1.847644e+06  0.998672  1.304709e-03  7.344994e+03  5.423988e+04  1.2400e-03  9.9911e-01  6.7710e+20  8.2242e-02  2.8793e-02  8.7137e-02  2.1520e+03  8.3239e+03  1.2094e+06
-1.823523e+06  0.998689  1.285962e-03  7.292152e+03  5.316585e+04  1.1566e-03  9.9917e-01  6.2248e+20  8.2238e-02  2.8792e-02  8.7133e-02  2.1675e+03  8.3009e+03  1.2028e+06
-1.799534e+06  0.998707  1.267458e-03  7.239429e+03  5.211310e+04  1.0784e-03  9.9923e-01  5.7201e+20  8.2234e-02  2.8790e-02  8.7128e-02  2.1832e+03  8.2781e+03  1.1962e+06
-1.775675e+06  0.998724  1.249192e-03  7.186819e+03  5.108119e+04  1.0050e-03  9.9928e-01  5.2541e+20  8.2230e-02  2.8789e-02  8.7124e-02  2.1990e+03  8.2554e+03  1.1897e+06
-1.751946e+06  0.998741  1.231129e-03  7.134202e+03  5.006972e+04  9.3612e-04  9.9933e-01  4.8232e+20  8.2225e-02  2.8787e-02  8.7119e-02  2.2149e+03  8.2330e+03  1.1833e+06
-1.728343e+06  0.998758  1.213272e-03  7.081581e+03  4.907827e+04  8.7154e-04  9.9938e-01  4.4253e+20  8.2221e-02  2.8786e-02  8.7115e-02  2.2310e+03  8.2109e+03  1.1770e+06
-1.704867e+06  0.998775  1.195625e-03  7.028974e+03  4.810645e+04  8.1106e-04  9.9942e-01  4.0584e+20  8.2217e-02  2.8785e-02  8.7110e-02  2.2473e+03  8.1890e+03  1.1707e+06
-1.681514e+06  0.998791  1.178192e-03  6.976402e+03  4.715388e+04  7.5453e-04  9.9946e-01  3.7204e+20  8.2213e-02  2.8783e-02  8.7106e-02  2.2638e+03  8.1672e+03  1.1646e+06
-1.658284e+06  0.998808  1.160978e-03  6.923891e+03  4.622017e+04  7.0176e-04  9.9950e-01  3.4097e+20  8.2209e-02  2.8782e-02  8.7101e-02  2.2804e+03  8.1457e+03  1.1585e+06
-1.635175e+06  0.998825  1.143987e-03  6.871471e+03  4.530495e+04  6.5260e-04  9.9953e-01  3.1244e+20  8.2205e-02  2.8780e-02  8.7097e-02  2.2971e+03  8.1243e+03  1.1524e+06
-1.612186e+06  0.998841  1.127223e-03  6.819176e+03  4.440785e+04  6.0687e-04  9.9957e-01  2.8629e+20  8.2201e-02  2.8779e-02  8.7093e-02  2.3140e+03  8.1031e+03  1.1464e+06
-1.589317e+06  0.998858  1.110684e-03  6.767012e+03  4.352852e+04  5.6438e-04  9.9960e-01  2.6234e+20  8.2197e-02  2.8777e-02  8.7088e-02  2.3311e+03  8.0819e+03  1.1405e+06
-1.566565e+06  0.998874  1.094347e-03  6.714872e+03  4.266660e+04  5.2488e-04  9.9963e-01  2.4039e+20  8.2193e-02  2.8776e-02  8.7084e-02  2.3483e+03  8.0610e+03  1.1347e+06
-1.543930e+06  0.998890  1.078211e-03  6.662763e+03  4.182174e+04  4.8820e-04  9.9965e-01  2.2029e+20  8.2188e-02  2.8775e-02  8.7080e-02  2.3657e+03  8.0403e+03  1.1289e+06
-1.521410e+06  0.998907  1.062278e-03  6.610708e+03  4.099362e+04  4.5419e-04  9.9968e-01  2.0192e+20  8.2185e-02  2.8773e-02  8.7076e-02  2.3833e+03  8.0198e+03  1.1232e+06
-1.499003e+06  0.998923  1.046551e-03  6.558735e+03  4.018189e+04  4.2273e-04  9.9970e-01  1.8515e+20  8.2181e-02  2.8772e-02  8.7072e-02  2.4010e+03  7.9994e+03  1.1175e+06
-1.476710e+06  0.998939  1.031032e-03  6.506873e+03  3.938623e+04  3.9367e-04  9.9972e-01  1.6987e+20  8.2177e-02  2.8770e-02  8.7067e-02  2.4189e+03  7.9792e+03  1.1119e+06
-1.454527e+06  0.998955  1.015721e-03  6.455155e+03  3.860633e+04  3.6689e-04  9.9974e-01  1.5596e+20  8.2173e-02  2.8769e-02  8.7063e-02  2.4369e+03  7.9591e+03  1.1063e+06
-1.432456e+06  0.998970  1.000620e-03  6.403618e+03  3.784188e+04  3.4225e-04  9.9976e-01  1.4332e+20  8.2169e-02  2.8768e-02  8.7059e-02  2.4551e+03  7.9392e+03  1.1008e+06
-1.410494e+06  0.998986  9.857202e-04  6.352231e+03  3.709256e+04  3.1959e-04  9.9977e-01  1.3184e+20  8.2165e-02  2.8766e-02  8.7055e-02  2.4735e+03  7.9194e+03  1.0954e+06
-1.388641e+06  0.999002  9.710350e-04  6.300889e+03  3.635808e+04  2.9873e-04  9.9979e-01  1.2140e+20  8.2161e-02  2.8765e-02  8.7051e-02  2.4920e+03  7.8996e+03  1.0900e+06
-1.366895e+06  0.999018  9.565732e-04  6.249596e+03  3.563814e+04  2.7957e-04  9.9980e-01  1.1192e+20  8.2157e-02  2.8764e-02  8.7047e-02  2.5107e+03  7.8799e+03  1.0846e+06
-1.345258e+06  0.999033  9.423311e-04  6.198388e+03  3.493246e+04  2.6200e-04  9.9981e-01  1.0333e+20  8.2153e-02  2.8762e-02  8.7043e-02  2.5294e+03  7.8603e+03  1.0792e+06
-1.323728e+06  0.999049  9.283052e-04  6.147304e+03  3.424075e+04  2.4593e-04  9.9982e-01  9.5544e+19  8.2149e-02  2.8761e-02  8.7039e-02  2.5484e+03  7.8406e+03  1.0738e+06
-1.302305e+06  0.999064  9.144921e-04  6.096390e+03  3.356273e+04  2.3126e-04  9.9983e-01  8.8509e+19  8.2146e-02  2.8760e-02  8.7035e-02  2.5674e+03  7.8210e+03  1.0685e+06
-1.280988e+06  0.999079  9.008885e-04  6.045690e+03  3.289815e+04  2.1791e-04  9.9984e-01  8.2157e+19  8.2142e-02  2.8758e-02  8.7031e-02  2.5866e+03  7.8014e+03  1.0632e+06
-1.259777e+06  0.999095  8.874888e-04  5.995236e+03  3.224672e+04  2.0577e-04  9.9985e-01  7.6428e+19  8.2138e-02  2.8757e-02  8.7027e-02  2.6059e+03  7.7819e+03  1.0579e+06
-1.238671e+06  0.999110  8.742806e-04  5.944998e+03  3.160819e+04  1.9475e-04  9.9986e-01  7.1258e+19  8.2134e-02  2.8756e-02  8.7023e-02  2.6254e+03  7.7624e+03  1.0527e+06
-1.217670e+06  0.999125  8.612588e-04  5.895015e+03  3.098231e+04  1.8477e-04  9.9987e-01  6.6598e+19  8.2131e-02  2.8754e-02  8.7019e-02  2.6451e+03  7.7431e+03  1.0474e+06
-1.196773e+06  0.999140  8.484194e-04  5.845336e+03  3.036882e+04  1.7574e-04  9.9987e-01  6.2400e+19  8.2127e-02  2.8753e-02  8.7015e-02  2.6649e+03  7.7238e+03  1.0423e+06
-1.175979e+06  0.999155  8.357584e-04  5.796012e+03  2.976747e+04  1.6760e-04  9.9988e-01  5.8622e+19  8.2123e-02  2.8752e-02  8.7011e-02  2.6849e+03  7.7047e+03  1.0371e+06
-1.155287e+06  0.999170  8.232718e-04  5.747099e+03  2.917804e+04  1.6028e-04  9.9989e-01  5.5222e+19  8.2120e-02  2.8750e-02  8.7007e-02  2.7051e+03  7.6857e+03  1.0321e+06
-1.134697e+06  0.999184  8.109554e-04  5.698654e+03  2.860028e+04  1.5370e-04  9.9989e-01  5.2164e+19  8.2116e-02  2.8749e-02  8.7003e-02  2.7254e+03  7.6667e+03  1.0270e+06
-1.114206e+06  0.999199  7.988042e-04  5.650731e+03  2.803395e+04  1.4781e-04  9.9989e-01  4.9413e+19  8.2112e-02  2.8748e-02  8.6999e-02  2.7459e+03  7.6480e+03  1.0220e+06
-1.093815e+06  0.999214  7.868076e-04  5.603337e+03  2.747884e+04  1.4254e-04  9.9990e-01  4.6935e+19  8.2109e-02  2.8747e-02  8.6995e-02  2.7667e+03  7.6294e+03  1.0171e+06
-1.073523e+06  0.999228  7.749602e-04  5.556528e+03  2.693472e+04  1.3783e-04  9.9990e-01  4.4701e+19  8.2105e-02  2.8745e-02  8.6992e-02  2.7876e+03  7.6110e+03  1.0122e+06
-1.053326e+06  0.999243  7.632574e-04  5.510363e+03  2.640138e+04  1.3363e-04  9.9990e-01  4.2685e+19  8.2102e-02  2.8744e-02  8.6988e-02  2.8088e+03  7.5928e+03  1.0074e+06
-1.033225e+06  0.999257  7.516952e-04  5.464901e+03  2.587860e+04  1.2990e-04  9.9991e-01  4.0864e+19  8.2098e-02  2.8743e-02  8.6984e-02  2.8302e+03  7.5748e+03  1.0027e+06
-1.013218e+06  0.999272  7.402692e-04  5.420197e+03  2.536617e+04  1.2658e-04  9.9991e-01  3.9215e+19  8.2094e-02  2.8742e-02  8.6980e-02  2.8518e+03  7.5571e+03  9.9803e+05
-9.933038e+05  0.999286  7.289752e-04  5.376301e+03  2.486388e+04  1.2364e-04  9.9991e-01  3.7720e+19  8.2091e-02  2.8740e-02  8.6977e-02  2.8737e+03  7.5397e+03  9.9345e+05
-9.734798e+05  0.999300  7.178101e-04  5.333255e+03  2.437155e+04  1.2103e-04  9.9991e-01  3.6360e+19  8.2087e-02  2.8739e-02  8.6973e-02  2.8958e+03  7.5225e+03  9.8896e+05
-9.537450e+05  0.999315  7.067679e-04  5.291070e+03  2.388896e+04  1.1873e-04  9.9992e-01  3.5118e+19  8.2084e-02  2.8738e-02  8.6969e-02  2.9182e+03  7.5056e+03  9.8455e+05
-9.340974e+05  0.999329  6.958454e-04  5.249763e+03  2.341592e+04  1.1669e-04  9.9992e-01  3.3981e+19  8.2080e-02  2.8737e-02  8.6965e-02  2.9409e+03  7.4890e+03  9.8023e+05
-9.145353e+05  0.999343  6.850421e-04  5.209349e+03  2.295226e+04  1.1488e-04  9.9992e-01  3.2935e+19  8.2077e-02  2.8735e-02  8.6962e-02  2.9639e+03  7.4727e+03  9.7600e+05
-8.950570e+05  0.999357  6.743581e-04  5.169834e+03  2.249777e+04  1.1328e-04  9.9992e-01  3.1971e+19  8.2073e-02  2.8734e-02  8.6958e-02  2.9872e+03  7.4567e+03  9.7185e+05
-8.756606e+05  0.999371  6.637941e-04  5.131211e+03  2.205229e+04  1.1187e-04  9.9992e-01  3.1077e+19  8.2070e-02  2.8733e-02  8.6954e-02  3.0107e+03  7.4411e+03  9.6780e+05
-8.563445e+05  0.999385  6.533513e-04  5.093464e+03  2.161562e+04  1.1061e-04  9.9992e-01  3.0245e+19  8.2067e-02  2.8732e-02  8.6951e-02  3.0346e+03  7.4257e+03  9.6382e+05
-8.371072e+05  0.999398  6.430311e-04  5.056568e+03  2.118761e+04  1.0950e-04  9.9992e-01  2.9469e+19  8.2063e-02  2.8731e-02  8.6947e-02  3.0587e+03  7.4105e+03  9.5993e+05
-8.179470e+05  0.999412  6.328351e-04  5.020492e+03  2.076806e+04  1.0852e-04  9.9992e-01  2.8740e+19  8.2060e-02  2.8729e-02  8.6944e-02  3.0831e+03  7.3957e+03  9.5611e+05
-7.988624e+05  0.999426  6.227610e-04  4.985192e+03  2.035683e+04  1.0764e-04  9.9992e-01  2.8054e+19  8.2056e-02  2.8728e-02  8.6940e-02  3.1078e+03  7.3811e+03  9.5236e+05
-7.798521e+05  0.999440  6.128090e-04  4.950633e+03  1.995373e+04  1.0686e-04  9.9992e-01  2.7406e+19  8.2053e-02  2.8727e-02  8.6937e-02  3.1328e+03  7.3667e+03  9.4869e+05
-7.609145e+05  0.999453  6.029807e-04  4.916782e+03  1.955862e+04  1.0617e-04  9.9992e-01  2.6791e+19  8.2050e-02  2.8726e-02  8.6933e-02  3.1581e+03  7.3526e+03  9.4508e+05
-7.420483e+05  0.999467  5.932775e-04  4.883612e+03  1.917134e+04  1.0555e-04  9.9992e-01  2.6206e+19  8.2046e-02  2.8725e-02  8.6929e-02  3.1837e+03  7.3387e+03  9.4155e+05
-7.232522e+05  0.999480  5.837004e-04  4.851095e+03  1.879172e+04  1.0499e-04  9.9993e-01  2.5648e+19  8.2043e-02  2.8724e-02  8.6926e-02  3.2096e+03  7.3251e+03  9.3807e+05
-7.045250e+05  0.999494  5.742503e-04  4.819209e+03  1.841962e+04  1.0450e-04  9.9993e-01  2.5114e+19  8.2040e-02  2.8722e-02  8.6922e-02  3.2358e+03  7.3116e+03  9.3465e+05
-6.858657e+05  0.999507  5.649274e-04  4.787933e+03  1.805489e+04  1.0406e-04  9.9993e-01  2.4601e+19  8.2036e-02  2.8721e-02  8.6919e-02  3.2622e+03  7.2984e+03  9.3129e+05
-6.672731e+05  0.999520  5.557316e-04  4.757249e+03  1.769738e+04  1.0366e-04  9.9993e-01  2.4109e+19  8.2033e-02  2.8720e-02  8.6915e-02  3.2890e+03  7.2853e+03  9.2798e+05
-6.487462e+05  0.999534  5.466623e-04  4.727146e+03  1.734694e+04  1.0330e-04  9.9993e-01  2.3634e+19  8.2030e-02  2.8719e-02  8.6912e-02  3.3160e+03  7.2724e+03  9.2472e+05
-6.302840e+05  0.999547  5.377143e-04  4.697605e+03  1.700345e+04  1.0298e-04  9.9993e-01  2.3175e+19  8.2027e-02  2.8718e-02  8.6908e-02  3.3433e+03  7.2597e+03  9.2152e+05
-6.118852e+05  0.999560  5.288860e-04  4.668619e+03  1.666676e+04  1.0270e-04  9.9993e-01  2.2732e+19  8.2023e-02  2.8717e-02  8.6905e-02  3.3710e+03  7.2472e+03  9.1837e+05
-5.935488e+05  0.999573  5.201777e-04  4.640188e+03  1.633674e+04  1.0244e-04  9.9993e-01  2.2301e+19  8.2020e-02  2.8716e-02  8.6902e-02  3.3990e+03  7.2349e+03  9.1528e+05
-5.752736e+05  0.999587  5.115890e-04  4.612310e+03  1.601325e+04  1.0221e-04  9.9993e-01  2.1884e+19  8.2017e-02  2.8714e-02  8.6898e-02  3.4272e+03  7.2228e+03  9.1224e+05
-5.570588e+05  0.999600  5.031195e-04  4.584987e+03  1.569616e+04  1.0201e-04  9.9993e-01  2.1478e+19  8.2014e-02  2.8713e-02  8.6895e-02  3.4558e+03  7.2108e+03  9.0925e+05
-5.389031e+05  0.999613  4.947686e-04  4.558220e+03  1.538536e+04  1.0182e-04  9.9993e-01  2.1083e+19  8.2010e-02  2.8712e-02  8.6891e-02  3.4847e+03  7.1991e+03  9.0632e+05
-5.208058e+05  0.999626  4.865354e-04  4.532011e+03  1.508071e+04  1.0165e-04  9.9993e-01  2.0698e+19  8.2007e-02  2.8711e-02  8.6888e-02  3.5140e+03  7.1875e+03  9.0343e+05
-5.027657e+05  0.999639  4.784191e-04  4.506364e+03  1.478209e+04  1.0150e-04  9.9993e-01  2.0323e+19  8.2004e-02  2.8710e-02  8.6885e-02  3.5435e+03  7.1761e+03  9.0058e+05
-4.847821e+05  0.999652  4.704185e-04  4.481279e+03  1.448939e+04  1.0137e-04  9.9993e-01  1.9957e+19  8.2001e-02  2.8709e-02  8.6881e-02  3.5734e+03  7.1649e+03  8.9779e+05
-4.668539e+05  0.999664  4.625324e-04  4.456761e+03  1.420248e+04  1.0125e-04  9.9993e-01  1.9599e+19  8.1998e-02  2.8708e-02  8.6878e-02  3.6036e+03  7.1538e+03  8.9504e+05
-4.489802e+05  0.999677  4.547543e-04  4.432810e+03  1.392125e+04  1.0114e-04  9.9993e-01  1.9248e+19  8.1995e-02  2.8707e-02  8.6874e-02  3.6341e+03  7.1429e+03  8.9234e+05
-4.311598e+05  0.999690  4.470807e-04  4.409428e+03  1.364559e+04  1.0104e-04  9.9993e-01  1.8905e+19  8.1991e-02  2.8705e-02  8.6871e-02  3.6650e+03  7.1323e+03  8.8971e+05
-4.133915e+05  0.999703  4.395121e-04  4.386620e+03  1.337539e+04  1.0095e-04  9.9993e-01  1.8569e+19  8.1988e-02  2.8704e-02  8.6868e-02  3.6963e+03  7.1218e+03  8.8713e+05
-3.956741e+05  0.999716  4.320487e-04  4.364392e+03  1.311054e+04  1.0087e-04  9.9993e-01  1.8239e+19  8.1985e-02  2.8703e-02  8.6864e-02  3.7280e+03  7.1116e+03  8.8461e+05
-3.780067e+05  0.999728  4.246901e-04  4.342748e+03  1.285093e+04  1.0080e-04  9.9993e-01  1.7916e+19  8.1982e-02  2.8702e-02  8.6861e-02  3.7600e+03  7.1016e+03  8.8214e+05
-3.603882e+05  0.999741  4.174353e-04  4.321698e+03  1.259647e+04  1.0074e-04  9.9993e-01  1.7599e+19  8.1979e-02  2.8701e-02  8.6858e-02  3.7924e+03  7.0918e+03  8.7972e+05
-3.428175e+05  0.999754  4.102834e-04  4.301257e+03  1.234704e+04  1.0068e-04  9.9993e-01  1.7287e+19  8.1976e-02  2.8700e-02  8.6855e-02  3.8251e+03  7.0821e+03  8.7736e+05
-3.252936e+05  0.999766  4.032340e-04  4.281415e+03  1.210255e+04  1.0063e-04  9.9993e-01  1.6982e+19  8.1973e-02  2.8699e-02  8.6851e-02  3.8583e+03  7.0727e+03  8.7504e+05
-3.078156e+05  0.999779  3.962869e-04  4.262158e+03  1.186291e+04  1.0058e-04  9.9993e-01  1.6681e+19  8.1970e-02  2.8698e-02  8.6848e-02  3.8918e+03  7.0634e+03  8.7277e+05
-2.903825e+05  0.999791  3.894415e-04  4.243470e+03  1.162800e+04  1.0054e-04  9.9993e-01  1.6386e+19  8.1967e-02  2.8697e-02  8.6845e-02  3.9257e+03  7.0543e+03  8.7055e+05
-2.729934e+05  0.999804  3.826974e-04  4.225340e+03  1.139775e+04  1.0050e-04  9.9993e-01  1.6096e+19  8.1963e-02  2.8696e-02  8.6842e-02  3.9600e+03  7.0454e+03  8.6837e+05
-2.556474e+05  0.999816  3.760538e-04  4.207751e+03  1.117206e+04  1.0046e-04  9.9993e-01  1.5811e+19  8.1960e-02  2.8695e-02  8.6838e-02  3.9947e+03  7.0367e+03  8.6623e+05
-2.383438e+05  0.999829  3.695091e-04  4.190691e+03  1.095084e+04  1.0043e-04  9.9993e-01  1.5531e+19  8.1957e-02  2.8694e-02  8.6835e-02  4.0297e+03  7.0281e+03  8.6414e+05
-2.210814e+05  0.999841  3.630563e-04  4.174146e+03  1.073400e+04  1.0040e-04  9.9993e-01  1.5256e+19  8.1954e-02  2.8692e-02  8.6832e-02  4.0652e+03  7.0197e+03  8.6211e+05
-2.038592e+05  0.999853  3.566956e-04  4.158102e+03  1.052145e+04  1.0038e-04  9.9993e-01  1.4984e+19  8.1951e-02  2.8691e-02  8.6829e-02  4.1012e+03  7.0115e+03  8.6013e+05
-1.866761e+05  0.999866  3.504280e-04  4.142545e+03  1.031311e+04  1.0035e-04  9.9993e-01  1.4718e+19  8.1948e-02  2.8690e-02  8.6825e-02  4.1375e+03  7.0036e+03  8.5819e+05
-1.695311e+05  0.999878  3.442537e-04  4.127464e+03  1.010890e+04  1.0033e-04  9.9993e-01  1.4455e+19  8.1945e-02  2.8689e-02  8.6822e-02  4.1743e+03  6.9958e+03  8.5631e+05
-1.524234e+05  0.999890  3.381725e-04  4.112844e+03  9.908732e+03  1.0031e-04  9.9993e-01  1.4197e+19  8.1942e-02  2.8688e-02  8.6819e-02  4.2115e+03  6.9882e+03  8.5447e+05
-1.353521e+05  0.999903  3.321841e-04  4.098672e+03  9.712526e+03  1.0029e-04  9.9993e-01  1.3943e+19  8.1939e-02  2.8687e-02  8.6816e-02  4.2492e+03  6.9807e+03  8.5267e+05
-1.183165e+05  0.999915  3.262878e-04  4.084937e+03  9.520205e+03  1.0028e-04  9.9993e-01  1.3693e+19  8.1936e-02  2.8686e-02  8.6813e-02  4.2872e+03  6.9734e+03  8.5091e+05
-1.013156e+05  0.999927  3.204830e-04  4.071626e+03  9.331692e+03  1.0026e-04  9.9993e-01  1.3448e+19  8.1933e-02  2.8685e-02  8.6809e-02  4.3257e+03  6.9663e+03  8.4919e+05
-8.434875e+04  0.999939  3.147688e-04  4.058727e+03  9.146912e+03  1.0025e-04  9.9993e-01  1.3206e+19  8.1930e-02  2.8684e-02  8.6806e-02  4.3647e+03  6.9593e+03  8.4750e+05
-6.741523e+04  0.999952  3.091442e-04  4.046227e+03  8.965791e+03  1.0024e-04  9.9993e-01  1.2968e+19  8.1927e-02  2.8683e-02  8.6803e-02  4.4040e+03  6.9525e+03  8.4586e+05
-5.051427e+04  0.999964  3.036081e-04  4.034116e+03  8.788257e+03  1.0022e-04  9.9993e-01  1.2735e+19  8.1924e-02  2.8682e-02  8.6800e-02  4.4438e+03  6.9457e+03  8.4425e+05
-3.364517e+04  0.999976  2.981601e-04  4.022382e+03  8.614237e+03  1.0021e-04  9.9993e-01  1.2505e+19  8.1921e-02  2.8681e-02  8.6797e-02  4.4841e+03  6.9392e+03  8.4267e+05
-1.680729e+04  0.999988  2.928001e-04  4.011013e+03  8.443664e+03  1.0020e-04  9.9993e-01  1.2279e+19  8.1918e-02  2.8680e-02  8.6794e-02  4.5248e+03  6.9327e+03  8.4112e+05
 0.000000e+00  1.000000  2.875269e-04  4.000000e+03  8.276468e+03  1.0019e-04  9.9993e-01  1.2056e+19  8.1915e-02  2.8679e-02  8.6790e-02  4.5659e+03  6.9264e+03  8.3961e+05
 1.121832e+05  1.000081  2.524012e-04  4.000000e+03  7.241316e+03  1.0021e-04  9.9993e-01  1.0585e+19  8.1895e-02  2.8672e-02  8.6769e-02  4.8721e+03  6.9149e+03  8.3696e+05
 1.823858e+05  1.000131  2.325570e-04  4.000000e+03  6.658706e+03  1.0021e-04  9.9993e-01  9.7535e+18  8.1883e-02  2.8668e-02  8.6756e-02  5.0749e+03  6.9080e+03  8.3538e+05
 2.525885e+05  1.000182  2.142350e-04  4.000000e+03  6.121999e+03  1.0022e-04  9.9993e-01  8.9859e+18  8.1871e-02  2.8663e-02  8.6743e-02  5.2867e+03  6.9012e+03  8.3382e+05
 3.227911e+05  1.000232  1.973315e-04  4.000000e+03  5.627664e+03  1.0023e-04  9.9993e-01  8.2777e+18  8.1858e-02  2.8659e-02  8.6730e-02  5.5077e+03  6.8943e+03  8.3223e+05
 3.929938e+05  1.000282  1.817370e-04  4.000000e+03  5.172415e+03  1.0024e-04  9.9993e-01  7.6243e+18  8.1846e-02  2.8655e-02  8.6717e-02  5.7382e+03  6.8873e+03  8.3063e+05
 4.631965e+05  1.000333  1.673571e-04  4.000000e+03  4.753219e+03  1.0025e-04  9.9993e-01  7.0217e+18  8.1833e-02  2.8650e-02  8.6704e-02  5.9788e+03  6.8801e+03  8.2898e+05
 5.333991e+05  1.000383  1.540971e-04  4.000000e+03  4.367263e+03  1.0026e-04  9.9993e-01  6.4661e+18  8.1821e-02  2.8646e-02  8.6691e-02  6.2297e+03  6.8728e+03  8.2729e+05
 6.036018e+05  1.000434  1.418661e-04  4.000000e+03  4.011952e+03  1.0028e-04  9.9993e-01  5.9535e+18  8.1809e-02  2.8642e-02  8.6678e-02  6.4918e+03  6.8654e+03  8.2559e+05
 6.738045e+05  1.000484  1.305854e-04  4.000000e+03  3.684905e+03  1.0029e-04  9.9993e-01  5.4807e+18  8.1796e-02  2.8637e-02  8.6664e-02  6.7653e+03  6.8579e+03  8.2388e+05
 7.440071e+05  1.000535  1.201859e-04  4.000000e+03  3.383920e+03  1.0030e-04  9.9993e-01  5.0449e+18  8.1784e-02  2.8633e-02  8.6651e-02  7.0509e+03  6.8503e+03  8.2213e+05
 8.142098e+05  1.000585  1.105998e-04  4.000000e+03  3.106957e+03  1.0031e-04  9.9993e-01  4.6431e+18  8.1772e-02  2.8629e-02  8.6638e-02  7.3490e+03  6.8425e+03  8.2035e+05
 8.844125e+05  1.000636  1.017654e-04  4.000000e+03  2.852134e+03  1.0032e-04  9.9993e-01  4.2728e+18  8.1759e-02  2.8624e-02  8.6625e-02  7.6602e+03  6.8345e+03  8.1853e+05
 9.546151e+05  1.000686  9.362692e-05  4.000000e+03  2.617711e+03  1.0034e-04  9.9993e-01  3.9316e+18  8.1747e-02  2.8620e-02  8.6612e-02  7.9850e+03  6.8263e+03  8.1663e+05
 1.024818e+06  1.000737  8.612459e-05  4.000000e+03  2.402079e+03  1.0035e-04  9.9993e-01  3.6171e+18  8.1734e-02  2.8616e-02  8.6599e-02  8.3242e+03  6.8180e+03  8.1472e+05
 1.095020e+06  1.000787  7.920661e-05  4.000000e+03  2.203765e+03  1.0037e-04  9.9993e-01  3.3270e+18  8.1722e-02  2.8611e-02  8.6586e-02  8.6788e+03  6.8097e+03  8.1283e+05
 1.165223e+06  1.000837  7.282753e-05  4.000000e+03  2.021417e+03  1.0038e-04  9.9993e-01  3.0596e+18  8.1710e-02  2.8607e-02  8.6573e-02  9.0496e+03  6.8015e+03  8.1096e+05
 1.235426e+06  1.000888  6.694099e-05  4.000000e+03  1.853788e+03  1.0040e-04  9.9993e-01  2.8127e+18  8.1697e-02  2.8603e-02  8.6560e-02  9.4377e+03  6.7937e+03  8.0919e+05
 1.305628e+06  1.000938  6.151352e-05  4.000000e+03  1.699738e+03  1.0042e-04  9.9993e-01  2.5851e+18  8.1685e-02  2.8598e-02  8.6547e-02  9.8437e+03  6.7863e+03  8.0749e+05
 1.375831e+06  1.000989  5.651480e-05  4.000000e+03  1.558205e+03  1.0044e-04  9.9993e-01  2.3755e+18  8.1673e-02  2.8594e-02  8.6533e-02  1.0268e+04  6.7788e+03  8.0581e+05
 1.446034e+06  1.001039  5.191173e-05  4.000000e+03  1.428199e+03  1.0046e-04  9.9993e-01  2.1824e+18  8.1660e-02  2.8590e-02  8.6520e-02  1.0712e+04  6.7715e+03  8.0415e+05
 1.516236e+06  1.001090  4.767770e-05  4.000000e+03  1.308804e+03  1.0047e-04  9.9993e-01  2.0048e+18  8.1648e-02  2.8585e-02  8.6507e-02  1.1176e+04  6.7640e+03  8.0245e+05
 1.586439e+06  1.001140  4.378333e-05  4.000000e+03  1.199168e+03  1.0050e-04  9.9993e-01  1.8414e+18  8.1636e-02  2.8581e-02  8.6494e-02  1.1661e+04  6.7563e+03  8.0070e+05
 1.656642e+06  1.001191  4.020077e-05  4.000000e+03  1.098506e+03  1.0052e-04  9.9993e-01  1.6911e+18  8.1623e-02  2.8577e-02  8.6481e-02  1.2167e+04  6.7485e+03  7.9894e+05
 1.726844e+06  1.001241  3.690539e-05  4.000000e+03  1.006100e+03  1.0054e-04  9.9993e-01  1.5528e+18  8.1611e-02  2.8572e-02  8.6468e-02  1.2697e+04  6.7406e+03  7.9715e+05
 1.797047e+06  1.001292  3.387463e-05  4.000000e+03  9.212851e+02  1.0056e-04  9.9993e-01  1.4257e+18  8.1599e-02  2.8568e-02  8.6455e-02  1.3251e+04  6.7326e+03  7.9534e+05
 1.867250e+06  1.001342  3.108745e-05  4.000000e+03  8.434510e+02  1.0059e-04  9.9993e-01  1.3087e+18  8.1586e-02  2.8564e-02  8.6442e-02  1.3830e+04  6.7245e+03  7.9351e+05
 1.937452e+06  1.001392  2.852527e-05  4.000000e+03  7.720353e+02  1.0061e-04  9.9993e-01  1.2011e+18  8.1574e-02  2.8559e-02  8.6429e-02  1.4436e+04  6.7163e+03  7.9164e+05
 2.007655e+06  1.001443  2.617058e-05  4.000000e+03  7.065190e+02  1.0064e-04  9.9993e-01  1.1023e+18  8.1562e-02  2.8555e-02  8.6416e-02  1.5069e+04  6.7078e+03  7.8972e+05
 2.077858e+06  1.001493  2.400611e-05  4.000000e+03  6.464233e+02  1.0067e-04  9.9993e-01  1.0114e+18  8.1549e-02  2.8551e-02  8.6403e-02  1.5731e+04  6.6992e+03  7.8778e+05
 2.148060e+06  1.001544  2.201695e-05  4.000000e+03  5.913095e+02  1.0070e-04  9.9993e-01  9.2786e+17  8.1537e-02  2.8546e-02  8.6390e-02  1.6424e+04  6.6904e+03  7.8579e+05
 2.218263e+06  1.001594  2.018791e-05  4.000000e+03  5.407731e+02  1.0073e-04  9.9993e-01  8.5104e+17  8.1525e-02  2.8542e-02  8.6377e-02  1.7149e+04  6.6817e+03  7.8382e+05
 2.288466e+06  1.001645  1.850548e-05  4.000000e+03  4.944447e+02  1.0076e-04  9.9993e-01  7.8037e+17  8.1512e-02  2.8538e-02  8.6364e-02  1.7909e+04  6.6732e+03  7.8191e+05
 2.358668e+06  1.001695  1.695846e-05  4.000000e+03  4.519862e+02  1.0080e-04  9.9993e-01  7.1537e+17  8.1500e-02  2.8533e-02  8.6351e-02  1.8705e+04  6.6649e+03  7.8005e+05
 2.428871e+06  1.001746  1.553570e-05  4.000000e+03  4.130851e+02  1.0083e-04  9.9993e-01  6.5558e+17  8.1488e-02  2.8529e-02  8.6337e-02  1.9540e+04  6.6570e+03  7.7828e+05
 2.499074e+06  1.001796  1.422848e-05  4.000000e+03  3.774549e+02  1.0087e-04  9.9993e-01  6.0064e+17  8.1475e-02  2.8525e-02  8.6324e-02  2.0415e+04  6.6493e+03  7.7656e+05
 2.569276e+06  1.001847  1.302869e-05  4.000000e+03  3.448292e+02  1.0091e-04  9.9993e-01  5.5021e+17  8.1463e-02  2.8521e-02  8.6311e-02  2.1331e+04  6.6417e+03  7.7485e+05
 2.639479e+06  1.001897  1.192771e-05  4.000000e+03  3.149605e+02  1.0095e-04  9.9993e-01  5.0392e+17  8.1451e-02  2.8516e-02  8.6298e-02  2.2290e+04  6.6340e+03  7.7314e+05
 2.709682e+06  1.001947  1.091812e-05  4.000000e+03  2.876214e+02  1.0099e-04  9.9993e-01  4.6146e+17  8.1438e-02  2.8512e-02  8.6285e-02  2.3295e+04  6.6261e+03  7.7139e+05
 2.779884e+06  1.001998  9.992274e-06  4.000000e+03  2.626013e+02  1.0104e-04  9.9993e-01  4.2252e+17  8.1426e-02  2.8508e-02  8.6272e-02  2.4346e+04  6.6182e+03  7.6962e+05
 2.850087e+06  1.002048  9.143137e-06  4.000000e+03  2.397076e+02  1.0108e-04  9.9993e-01  3.8679e+17  8.1414e-02  2.8503e-02  8.6259e-02  2.5448e+04  6.6102e+03  7.6785e+05
 2.920290e+06  1.002099  8.364578e-06  4.000000e+03  2.187637e+02  1.0113e-04  9.9993e-01  3.5403e+17  8.1402e-02  2.8499e-02  8.6246e-02  2.6602e+04  6.6022e+03  7.6606e+05
 2.990492e+06  1.002149  7.650996e-06  4.000000e+03  1.996071e+02  1.0119e-04  9.9993e-01  3.2399e+17  8.1389e-02  2.8495e-02  8.6233e-02  2.7811e+04  6.5941e+03  7.6425e+05
 3.060695e+06  1.002200  6.997073e-06  4.000000e+03  1.820884e+02  1.0124e-04  9.9993e-01  2.9646e+17  8.1377e-02  2.8490e-02  8.6220e-02  2.9077e+04  6.5858e+03  7.6240e+05
 3.130898e+06  1.002250  6.398099e-06  4.000000e+03  1.660704e+02  1.0130e-04  9.9993e-01  2.7123e+17  8.1365e-02  2.8486e-02  8.6207e-02  3.0403e+04  6.5773e+03  7.6051e+05
 3.201100e+06  1.002301  5.849439e-06  4.000000e+03  1.514267e+02  1.0136e-04  9.9993e-01  2.4812e+17  8.1352e-02  2.8482e-02  8.6194e-02  3.1792e+04  6.5685e+03  7.5857e+05
 3.271303e+06  1.002351  5.346822e-06  4.000000e+03  1.380416e+02  1.0142e-04  9.9993e-01  2.2694e+17  8.1340e-02  2.8477e-02  8.6181e-02  3.3248e+04  6.5597e+03  7.5660e+05
 3.341506e+06  1.002402  4.886377e-06  4.000000e+03  1.258094e+02  1.0148e-04  9.9993e-01  2.0753e+17  8.1328e-02  2.8473e-02  8.6168e-02  3.4773e+04  6.5507e+03  7.5461e+05
 3.411708e+06  1.002452  4.464190e-06  4.000000e+03  1.146330e+02  1.0155e-04  9.9993e-01  1.8973e+17  8.1316e-02  2.8469e-02  8.6155e-02  3.6375e+04  6.5420e+03  7.5267e+05
 3.481911e+06  1.002502  4.077236e-06  4.000000e+03  1.044245e+02  1.0162e-04  9.9993e-01  1.7341e+17  8.1303e-02  2.8465e-02  8.6142e-02  3.8056e+04  6.5335e+03  7.5079e+05
 3.552114e+06  1.002553  3.722414e-06  4.000000e+03  9.510290e+01  1.0170e-04  9.9993e-01  1.5843e+17  8.1291e-02  2.8460e-02  8.6129e-02  3.9823e+04  6.5254e+03  7.4902e+05
 3.622316e+06  1.002603  3.397310e-06  4.000000e+03  8.659428e+01  1.0178e-04  9.9993e-01  1.4471e+17  8.1279e-02  2.8456e-02  8.6116e-02  4.1678e+04  6.5178e+03  7.4735e+05
 3.692519e+06  1.002654  3.099828e-06  4.000000e+03  7.883035e+01  1.0186e-04  9.9993e-01  1.3215e+17  8.1266e-02  2.8452e-02  8.6103e-02  4.3626e+04  6.5103e+03  7.4571e+05
 3.762722e+06  1.002704  2.827705e-06  4.000000e+03  7.174770e+01  1.0195e-04  9.9993e-01  1.2065e+17  8.1254e-02  2.8447e-02  8.6090e-02  4.5670e+04  6.5030e+03  7.4410e+05
 3.832924e+06  1.002755  2.579018e-06  4.000000e+03  6.528811e+01  1.0204e-04  9.9993e-01  1.1014e+17  8.1242e-02  2.8443e-02  8.6077e-02  4.7814e+04  6.4955e+03  7.4247e+05
 3.903127e+06  1.002805  2.351749e-06  4.000000e+03  5.939781e+01  1.0214e-04  9.9993e-01  1.0053e+17  8.1230e-02  2.8439e-02  8.6064e-02  5.0064e+04  6.4880e+03  7.4084e+05
 3.973330e+06  1.002856  2.144050e-06  4.000000e+03  5.402766e+01  1.0224e-04  9.9993e-01  9.1739e+16  8.1217e-02  2.8435e-02  8.6051e-02  5.2424e+04  6.4806e+03  7.3921e+05
 4.043532e+06  1.002906  1.954296e-06  4.000000e+03  4.913279e+01  1.0235e-04  9.9993e-01  8.3707e+16  8.1205e-02  2.8430e-02  8.6038e-02  5.4902e+04  6.4731e+03  7.3759e+05
 4.113735e+06  1.002957  1.780995e-06  4.000000e+03  4.467203e+01  1.0246e-04  9.9993e-01  7.6367e+16  8.1193e-02  2.8426e-02  8.6025e-02  5.7503e+04  6.4656e+03  7.3595e+05
 4.183938e+06  1.003007  1.622774e-06  4.000000e+03  4.060767e+01  1.0257e-04  9.9993e-01  6.9662e+16  8.1181e-02  2.8422e-02  8.6012e-02  6.0232e+04  6.4580e+03  7.3429e+05
 4.254140e+06  1.003057  1.478406e-06  4.000000e+03  3.690515e+01  1.0270e-04  9.9993e-01  6.3541e+16  8.1168e-02  2.8417e-02  8.5999e-02  6.3095e+04  6.4502e+03  7.3258e+05
 4.324343e+06  1.003108  1.346680e-06  4.000000e+03  3.353273e+01  1.0283e-04  9.9993e-01  5.7952e+16  8.1156e-02  2.8413e-02  8.5986e-02  6.6099e+04  6.4421e+03  7.3082e+05
 4.394546e+06  1.003158  1.226532e-06  4.000000e+03  3.046145e+01  1.0296e-04  9.9993e-01  5.2851e+16  8.1144e-02  2.8409e-02  8.5973e-02  6.9250e+04  6.4337e+03  7.2899e+05
 4.464748e+06  1.003209  1.116888e-06  4.000000e+03  2.766479e+01  1.0310e-04  9.9993e-01  4.8193e+16  8.1132e-02  2.8405e-02  8.5960e-02  7.2558e+04  6.4251e+03  7.2713e+05
 4.534951e+06  1.003259  1.016804e-06  4.000000e+03  2.511871e+01  1.0325e-04  9.9993e-01  4.3938e+16  8.1119e-02  2.8400e-02  8.5947e-02  7.6034e+04  6.4166e+03  7.2527e+05
 4.605154e+06  1.003310  9.253961e-07  4.000000e+03  2.280129e+01  1.0341e-04  9.9993e-01  4.0048e+16  8.1107e-02  2.8396e-02  8.5934e-02  7.9689e+04  6.4083e+03  7.2346e+05
 4.675356e+06  1.003360  8.418715e-07  4.000000e+03  2.069267e+01  1.0357e-04  9.9993e-01  3.6492e+16  8.1095e-02  2.8392e-02  8.5921e-02  8.3536e+04  6.4004e+03  7.2176e+05
 4.745559e+06  1.003411  7.656013e-07  4.000000e+03  1.877477e+01  1.0375e-04  9.9993e-01  3.3242e+16  8.1083e-02  2.8387e-02  8.5908e-02  8.7585e+04  6.3931e+03  7.2018e+05
 4.815762e+06  1.003461  6.959708e-07  4.000000e+03  1.703099e+01  1.0393e-04  9.9993e-01  3.0272e+16  8.1071e-02  2.8383e-02  8.5895e-02  9.1848e+04  6.3863e+03  7.1872e+05
 4.885964e+06  1.003512  6.324909e-07  4.000000e+03  1.544611e+01  1.0412e-04  9.9993e-01  2.7561e+16  8.1058e-02  2.8379e-02  8.5882e-02  9.6332e+04  6.3798e+03  7.1733e+05
 4.956167e+06  1.003562  5.746560e-07  4.000000e+03  1.400608e+01  1.0433e-04  9.9993e-01  2.5090e+16  8.1046e-02  2.8375e-02  8.5870e-02  1.0105e+05  6.3735e+03  7.1599e+05
 5.026370e+06  1.003612  5.219855e-07  4.000000e+03  1.269796e+01  1.0454e-04  9.9993e-01  2.2837e+16  8.1034e-02  2.8370e-02  8.5857e-02  1.0601e+05  6.3674e+03  7.1469e+05
 5.096572e+06  1.003663  4.740355e-07  4.000000e+03  1.150997e+01  1.0476e-04  9.9993e-01  2.0783e+16  8.1022e-02  2.8366e-02  8.5844e-02  1.1122e+05  6.3614e+03  7.1343e+05
 5.166775e+06  1.003713  4.303774e-07  4.000000e+03  1.043131e+01  1.0500e-04  9.9993e-01  1.8912e+16  8.1009e-02  2.8362e-02  8.5831e-02  1.1671e+05  6.3558e+03  7.1223e+05
 5.236978e+06  1.003764  3.906403e-07  4.000000e+03  9.452170e+00  1.0525e-04  9.9992e-01  1.7206e+16  8.0997e-02  2.8357e-02  8.5818e-02  1.2249e+05  6.3504e+03  7.1110e+05
 5.307180e+06  1.003814  3.544884e-07  4.000000e+03  8.563592e+00  1.0551e-04  9.9992e-01  1.5653e+16  8.0985e-02  2.8353e-02  8.5805e-02  1.2856e+05  6.3453e+03  7.1002e+05
 5.377383e+06  1.003865  3.216091e-07  4.000000e+03  7.757389e+00  1.0578e-04  9.9992e-01  1.4238e+16  8.0973e-02  2.8349e-02  8.5792e-02  1.3495e+05  6.3404e+03  7.0900e+05
 5.447586e+06  1.003915  2.917194e-07  4.000000e+03  7.026087e+00  1.0607e-04  9.9992e-01  1.2950e+16  8.0961e-02  2.8345e-02  8.5779e-02  1.4167e+05  6.3358e+03  7.0803e+05
 5.517788e+06  1.003966  2.645550e-07  4.000000e+03  6.362861e+00  1.0638e-04  9.9992e-01  1.1778e+16  8.0948e-02  2.8340e-02  8.5766e-02  1.4875e+05  6.3313e+03  7.0711e+05
 5.587991e+06  1.004016  2.398774e-07  4.000000e+03  5.761493e+00  1.0670e-04  9.9992e-01  1.0711e+16  8.0936e-02  2.8336e-02  8.5753e-02  1.5619e+05  6.3270e+03  7.0622e+05
 5.658194e+06  1.004067  2.174608e-07  4.000000e+03  5.216308e+00  1.0703e-04  9.9992e-01  9.7408e+15  8.0924e-02  2.8332e-02  8.5740e-02  1.6402e+05  6.3229e+03  7.0537e+05
 5.728396e+06  1.004117  1.971061e-07  4.000000e+03  4.722150e+00  1.0739e-04  9.9992e-01  8.8583e+15  8.0912e-02  2.8328e-02  8.5727e-02  1.7225e+05  6.3189e+03  7.0456e+05
 5.798599e+06  1.004167  1.786080e-07  4.000000e+03  4.274316e+00  1.0776e-04  9.9992e-01  8.0548e+15  8.0900e-02  2.8323e-02  8.5714e-02  1.8092e+05  6.3155e+03  7.0386e+05
 5.868802e+06  1.004218  1.617983e-07  4.000000e+03  3.868571e+00  1.0815e-04  9.9992e-01  7.3233e+15  8.0887e-02  2.8319e-02  8.5701e-02  1.9006e+05  6.3127e+03  7.0330e+05
 5.939004e+06  1.004268  1.465132e-07  4.000000e+03  3.501064e+00  1.0857e-04  9.9992e-01  6.6569e+15  8.0875e-02  2.8315e-02  8.5688e-02  1.9970e+05  6.3108e+03  7.0296e+05
 6.009207e+06  1.004319  1.326206e-07  4.000000e+03  3.168316e+00  1.0900e-04  9.9992e-01  6.0500e+15  8.0863e-02  2.8310e-02  8.5676e-02  2.0987e+05  6.3101e+03  7.0286e+05
 6.079410e+06  1.004369  1.200004e-07  4.000000e+03  2.867153e+00  1.0947e-04  9.9992e-01  5.4975e+15  8.0851e-02  2.8306e-02  8.5663e-02  2.2059e+05  6.3104e+03  7.0302e+05
 6.149612e+06  1.004420  1.085436e-07  4.000000e+03  2.594673e+00  1.0995e-04  9.9992e-01  4.9947e+15  8.0839e-02  2.8302e-02  8.5650e-02  2.3191e+05  6.3120e+03  7.0343e+05
 6.219815e+06  1.004470  9.814739e-08  4.000000e+03  2.348225e+00  1.1047e-04  9.9992e-01  4.5374e+15  8.0826e-02  2.8298e-02  8.5637e-02  2.4385e+05  6.3147e+03  7.0412e+05
 6.290018e+06  1.004521  8.872172e-08  4.000000e+03  2.125393e+00  1.1101e-04  9.9992e-01  4.1218e+15  8.0814e-02  2.8293e-02  8.5624e-02  2.5643e+05  6.3187e+03  7.0508e+05
 6.360220e+06  1.004571  8.018239e-08  4.000000e+03  1.923968e+00  1.1158e-04  9.9992e-01  3.7443e+15  8.0802e-02  2.8289e-02  8.5611e-02  2.6970e+05  6.3239e+03  7.0630e+05
 6.430423e+06  1.004622  7.245380e-08  4.000000e+03  1.741933e+00  1.1218e-04  9.9992e-01  3.4016e+15  8.0790e-02  2.8285e-02  8.5598e-02  2.8368e+05  6.3301e+03  7.0776e+05
 6.500626e+06  1.004672  6.546472e-08  4.000000e+03  1.577443e+00  1.1282e-04  9.9992e-01  3.0909e+15  8.0778e-02  2.8281e-02  8.5585e-02  2.9839e+05  6.3372e+03  7.0942e+05
 6.570828e+06  1.004722  5.914267e-08  4.000000e+03  1.428819e+00  1.1348e-04  9.9992e-01  2.8089e+15  8.0766e-02  2.8276e-02  8.5572e-02  3.1389e+05  6.3455e+03  7.1134e+05
 6.641031e+06  1.004773  5.342568e-08  4.000000e+03  1.294543e+00  1.1419e-04  9.9992e-01  2.5531e+15  8.0753e-02  2.8272e-02  8.5559e-02  3.3021e+05  6.3549e+03  7.1353e+05
 6.711234e+06  1.004823  4.825471e-08  4.000000e+03  1.173241e+00  1.1493e-04  9.9992e-01  2.3209e+15  8.0741e-02  2.8268e-02  8.5547e-02  3.4740e+05  6.3657e+03  7.1604e+05
 6.781436e+06  1.004874  4.357871e-08  4.000000e+03  1.063673e+00  1.1571e-04  9.9992e-01  2.1103e+15  8.0729e-02  2.8264e-02  8.5534e-02  3.6551e+05  6.3781e+03  7.1890e+05
 6.851639e+06  1.004924  3.935029e-08  4.000000e+03  9.647121e-01  1.1653e-04  9.9992e-01  1.9191e+15  8.0717e-02  2.8259e-02  8.5521e-02  3.8459e+05  6.3922e+03  7.2215e+05
 6.921842e+06  1.004975  3.552297e-08  4.000000e+03  8.753435e-01  1.1740e-04  9.9992e-01  1.7453e+15  8.0705e-02  2.8255e-02  8.5508e-02  4.0471e+05  6.4085e+03  7.2592e+05
 6.992044e+06  1.005025  3.205653e-08  4.000000e+03  7.946551e-01  1.1831e-04  9.9992e-01  1.5873e+15  8.0693e-02  2.8251e-02  8.5495e-02  4.2597e+05  6.4277e+03  7.3034e+05
 7.062247e+06  1.005076  2.891536e-08  4.000000e+03  7.218269e-01  1.1928e-04  9.9991e-01  1.4435e+15  8.0680e-02  2.8247e-02  8.5482e-02  4.4844e+05  6.4503e+03  7.3555e+05
 7.132450e+06  1.005126  2.607072e-08  4.000000e+03  6.561196e-01  1.2031e-04  9.9991e-01  1.3127e+15  8.0668e-02  2.8242e-02  8.5469e-02  4.7220e+05  6.4765e+03  7.4162e+05
 7.202652e+06  1.005177  2.349916e-08  4.000000e+03  5.968597e-01  1.2139e-04  9.9991e-01  1.1938e+15  8.0656e-02  2.8238e-02  8.5456e-02  4.9729e+05  6.5063e+03  7.4854e+05
 7.272855e+06  1.005227  2.117643e-08  4.000000e+03  5.434273e-01  1.2253e-04  9.9991e-01  1.0859e+15  8.0644e-02  2.8234e-02  8.5444e-02  5.2378e+05  6.5399e+03  7.5636e+05
 7.343058e+06  1.005277  1.907817e-08  4.000000e+03  4.952583e-01  1.2374e-04  9.9991e-01  9.8798e+14  8.0632e-02  2.8230e-02  8.5431e-02  5.5175e+05  6.5777e+03  7.6521e+05
 7.413260e+06  1.005328  1.718378e-08  4.000000e+03  4.518435e-01  1.2501e-04  9.9991e-01  8.9904e+14  8.0620e-02  2.8225e-02  8.5418e-02  5.8128e+05  6.6200e+03  7.7517e+05
 7.483463e+06  1.005378  1.547461e-08  4.000000e+03  4.127208e-01  1.2636e-04  9.9991e-01  8.1833e+14  8.0608e-02  2.8221e-02  8.5405e-02  6.1245e+05  6.6672e+03  7.8633e+05
 7.553666e+06  1.005429  1.393344e-08  4.000000e+03  3.774707e-01  1.2778e-04  9.9991e-01  7.4511e+14  8.0595e-02  2.8217e-02  8.5392e-02  6.4533e+05  6.7195e+03  7.9880e+05
 7.623868e+06  1.005479  1.254573e-08  4.000000e+03  3.457126e-01  1.2928e-04  9.9991e-01  6.7876e+14  8.0583e-02  2.8213e-02  8.5379e-02  6.7999e+05  6.7769e+03  8.1260e+05
 7.694071e+06  1.005530  1.129583e-08  4.000000e+03  3.170994e-01  1.3085e-04  9.9991e-01  6.1859e+14  8.0571e-02  2.8208e-02  8.5366e-02  7.1651e+05  6.8401e+03  8.2790e+05
 7.764274e+06  1.005580  1.017145e-08  4.000000e+03  2.913191e-01  1.3251e-04  9.9991e-01  5.6408e+14  8.0559e-02  2.8204e-02  8.5354e-02  7.5496e+05  6.9090e+03  8.4475e+05
 7.834476e+06  1.005631  9.160857e-09  4.000000e+03  2.680879e-01  1.3426e-04  9.9990e-01  5.1473e+14  8.0547e-02  2.8200e-02  8.5341e-02  7.9540e+05  6.9839e+03  8.6323e+05
 7.904679e+06  1.005681  8.249731e-09  4.000000e+03  2.471486e-01  1.3610e-04  9.9990e-01  4.6990e+14  8.0535e-02  2.8196e-02  8.5328e-02  8.3804e+05  7.0662e+03  8.8379e+05
 7.974882e+06  1.005732  7.422415e-09  4.000000e+03  2.282762e-01  1.3806e-04  9.9990e-01  4.2886e+14  8.0523e-02  2.8191e-02  8.5315e-02  8.8338e+05  7.1595e+03  9.0738e+05
 8.045084e+06  1.005782  6.667730e-09  4.000000e+03  2.112808e-01  1.4016e-04  9.9990e-01  3.9111e+14  8.0511e-02  2.8187e-02  8.5302e-02  9.3189e+05  7.2672e+03  9.3498e+05
 8.115287e+06  1.005832  5.980388e-09  4.000000e+03  1.959977e-01  1.4240e-04  9.9990e-01  3.5641e+14  8.0498e-02  2.8183e-02  8.5289e-02  9.8384e+05  7.3907e+03  9.6713e+05
 8.185490e+06  1.005883  5.353234e-09  4.000000e+03  1.822746e-01  1.4482e-04  9.9990e-01  3.2444e+14  8.0486e-02  2.8179e-02  8.5277e-02  1.0397e+06  7.5332e+03  1.0049e+06
 8.255692e+06  1.005933  4.782527e-09  4.000000e+03  1.699752e-01  1.4742e-04  9.9989e-01  2.9505e+14  8.0474e-02  2.8174e-02  8.5264e-02  1.0998e+06  7.6964e+03  1.0490e+06
 8.325895e+06  1.005984  4.265125e-09  4.000000e+03  1.589722e-01  1.5021e-04  9.9989e-01  2.6812e+14  8.0462e-02  2.8170e-02  8.5251e-02  1.1645e+06  7.8817e+03  1.1002e+06
 8.396098e+06  1.006034  3.797235e-09  4.000000e+03  1.491455e-01  1.5321e-04  9.9989e-01  2.4348e+14  8.0450e-02  2.8166e-02  8.5238e-02  1.2339e+06  8.0909e+03  1.1595e+06
